"TOA5","1481","CR3000","1481","CR3000.Std.32.06","CPU:AWS_MaggieMay_no_sonic_v3.CR3","13840","Res_data_1_min"
"TIMESTAMP","RECORD","BattV","temperature_1","temperature_2","rel_humidity_1","rel_humidity_2","wind_speed_1","wind_speed_2","gust_speed_1","gust_speed_2","wind_direction_1","wind_direction_2","air_pressure","SWup","SWdown","LWup","LWdown","CNR1_T_degC","ground_temperature"
"TS","RN","Volts","degC","degC","%","%","m/s","m/s","m/s","m/s","deg","deg","hPa","W/m^2","W/m^2","W/m^2","W/m^2","degC","degC"
"","","Min","Avg","Avg","Smp","Smp","Avg","Avg","Max","Max","Smp","Smp","Avg","Avg","Avg","Avg","Avg","Avg","Avg"
"2025-03-08 09:31:00",9893,11.73,-10.97,-11.09,85.4,86.2,2.854,3.095,3.398,3.724,344.9,255.1,984.2742,38.89,25.19,269.1,267,-10.31,-9.04
"2025-03-08 09:32:00",9894,11.73,-10.95,-11.07,85.4,86.1,2.793,2.955,3.398,3.724,344.9,247.5,984.3036,39.68,25.68,269.2,267.3,-10.29,-9.04
"2025-03-08 09:33:00",9895,11.73,-10.92,-11.03,85.4,86.1,2.736,3.013,3.501,3.822,344.9,253.8,984.2596,40.92,26.35,269.4,267.5,-10.28,-9.04
"2025-03-08 09:34:00",9896,11.73,-10.9,-11.01,85.1,85.9,3.156,3.307,4.17,4.312,344.9,230.2,984.2742,42.45,27.22,269.4,267.5,-10.27,-9.04
"2025-03-08 09:35:00",9897,11.73,-10.87,-10.98,85.2,86.1,3.562,3.726,5.199,5.488,344.9,237.5,984.2548,43.81,27.95,269.8,267.8,-10.25,-9.03
"2025-03-08 09:36:00",9898,11.73,-10.8,-10.92,85.1,85.8,2.634,2.772,4.118,4.116,344.9,237.4,984.3412,44.65,28.47,270,268,-10.21,-9.03
"2025-03-08 09:37:00",9899,11.73,-10.79,-10.9,85,85.7,3.611,3.78,4.736,4.9,344.9,244.3,984.3059,44.91,28.63,269.8,267.8,-10.2,-9.03
"2025-03-08 09:38:00",9900,11.73,-10.77,-10.89,84.6,85.3,3.974,4.281,4.582,4.998,344.9,248.6,984.2828,44.75,28.52,269.6,267.6,-10.2,-9.03
"2025-03-08 09:39:00",9901,11.73,-10.81,-10.93,84.1,84.8,4.04,4.381,4.685,4.998,344.9,243.5,984.295,44.03,28.08,269.3,267.3,-10.2,-9.02
"2025-03-08 09:40:00",9902,11.73,-10.84,-10.96,83.9,84.9,3.598,3.907,4.118,4.214,344.9,241,984.3484,42.89,27.41,269.3,267.3,-10.21,-9.02
"2025-03-08 09:41:00",9903,11.73,-10.86,-10.98,83.9,84.9,3.343,3.588,3.912,4.312,344.9,271.5,984.3192,41.62,26.68,269.3,267.2,-10.21,-9.02
"2025-03-08 09:42:00",9904,11.73,-10.86,-10.98,83.8,84.9,4.048,4.297,4.788,4.998,344.9,269.7,984.319,40.62,26.04,269.1,266.4,-10.22,-9.02
"2025-03-08 09:43:00",9905,11.73,-10.87,-10.97,83.8,84.8,3.799,4.098,4.685,4.9,344.9,256,984.3445,39.9,25.68,269.2,266.7,-10.22,-9.02
"2025-03-08 09:44:00",9906,11.73,-10.88,-10.98,83.7,84.7,3.728,4.021,4.376,4.704,344.9,244.4,984.332,39.58,25.46,269.1,266.6,-10.23,-9.02
"2025-03-08 09:45:00",9907,11.73,-10.88,-10.99,83.7,84.6,3.421,3.629,3.861,4.018,344.9,255.9,984.277,39.49,25.41,269.2,266.8,-10.23,-9.01
"2025-03-08 09:46:00",9908,11.73,-10.87,-10.98,83.5,84.5,3.3,3.538,4.015,4.508,344.9,269.1,984.2968,39.79,25.49,269.3,267,-10.22,-9.01
"2025-03-08 09:47:00",9909,11.73,-10.86,-10.97,83.4,84.5,3.452,3.771,4.324,4.41,344.9,265.1,984.3193,40.09,25.66,269.2,266.9,-10.22,-9.01
"2025-03-08 09:48:00",9910,11.73,-10.83,-10.93,83.7,85,2.917,3.094,3.758,3.92,344.9,257.3,984.318,40.2,25.74,269.4,267.1,-10.21,-9.01
"2025-03-08 09:49:00",9911,11.73,-10.79,-10.89,83.8,84.9,2.908,3.077,3.81,3.92,344.9,256.7,984.3212,40.62,25.96,269.4,267.1,-10.2,-9.01
"2025-03-08 09:50:00",9912,11.73,-10.8,-10.9,83.6,84.6,3.23,3.495,3.655,4.018,344.9,239.7,984.3027,41.19,26.27,269.3,267,-10.2,-9.01
"2025-03-08 09:51:00",9913,11.73,-10.82,-10.93,83.5,84.5,2.686,2.834,3.655,3.822,344.9,256.8,984.3223,41.51,26.46,269.3,267.2,-10.2,-9.01
"2025-03-08 09:52:00",9914,11.73,-10.81,-10.92,83.7,84.9,2.897,3.079,3.552,3.626,344.9,246.1,984.3111,41.67,26.62,269.4,267.3,-10.19,-9.01
"2025-03-08 09:53:00",9915,11.73,-10.79,-10.91,83.8,85,3.145,3.368,3.604,3.822,344.9,245.1,984.3452,41.82,26.78,269.5,267.2,-10.18,-9
"2025-03-08 09:54:00",9916,11.73,-10.8,-10.91,83.7,84.7,3.193,3.409,4.067,4.312,344.9,245.8,984.3327,41.73,26.79,269.4,267.1,-10.18,-9
"2025-03-08 09:55:00",9917,11.73,-10.81,-10.92,83.4,84.4,3.429,3.739,3.861,4.312,344.9,251.6,984.386,41.36,26.61,269.3,267.1,-10.18,-9
"2025-03-08 09:56:00",9918,11.73,-10.8,-10.92,83.4,84.5,3.458,3.691,4.479,4.606,344.9,265.9,984.3719,40.77,26.3,269.4,267,-10.18,-9
"2025-03-08 09:57:00",9919,11.73,-10.8,-10.91,83.3,84.3,3.327,3.567,4.015,4.116,344.9,271,984.3933,40.46,26.19,269.3,266.7,-10.18,-9
"2025-03-08 09:58:00",9920,11.73,-10.8,-10.91,83.2,84.2,3.364,3.65,3.912,4.214,344.9,247.1,984.3544,40.71,26.43,269.3,266.8,-10.18,-9
"2025-03-08 09:59:00",9921,11.73,-10.81,-10.92,83.1,84.1,3.433,3.753,3.912,4.214,344.9,245.2,984.4115,41.11,26.74,269.3,266.9,-10.18,-9
"2025-03-08 10:00:00",9922,11.73,-10.83,-10.94,83,84,3.955,4.283,4.994,5.096,344.9,255.7,984.3802,41.46,26.91,269.2,266.8,-10.19,-9
