"TOA5","1481","CR3000","1481","CR3000.Std.32.06","CPU:AWS_MaggieMay_no_sonic_v3.CR3","13840","Res_data_1_min"
"TIMESTAMP","RECORD","BattV","temperature_1","temperature_2","rel_humidity_1","rel_humidity_2","wind_speed_1","wind_speed_2","gust_speed_1","gust_speed_2","wind_direction_1","wind_direction_2","air_pressure","SWup","SWdown","LWup","LWdown","CNR1_T_degC","ground_temperature"
"TS","RN","Volts","degC","degC","%","%","m/s","m/s","m/s","m/s","deg","deg","hPa","W/m^2","W/m^2","W/m^2","W/m^2","degC","degC"
"","","Min","Avg","Avg","Smp","Smp","Avg","Avg","Max","Max","Smp","Smp","Avg","Avg","Avg","Avg","Avg","Avg","Avg"
"2025-03-07 21:01:00",9143,11.84,-13.22,-12.87,86.4,87.7,3.381,3.249,3.81,3.626,344.9,238.1,983.7975,0.331,0.98,243.5,195.7,-14.67,-8.31
"2025-03-07 21:02:00",9144,11.85,-12.93,-12.51,86.6,87.3,3.695,3.677,4.221,4.116,344.9,236.8,983.8285,0.627,0.918,244.8,196.5,-14.63,-8.31
"2025-03-07 21:03:00",9145,11.84,-12.88,-12.39,85.9,86.4,3.423,3.451,3.758,3.92,344.9,239,983.8168,0.942,1.119,244,196.1,-14.62,-8.31
"2025-03-07 21:04:00",9146,11.85,-12.81,-12.29,86.1,86.8,3.03,3.089,3.295,3.43,344.9,239.2,983.8224,0.29,0.965,243.8,196.6,-14.63,-8.31
"2025-03-07 21:05:00",9147,11.84,-12.48,-12.04,86.5,87.2,2.953,2.996,3.501,3.43,344.9,243.9,983.8077,1.346,1.102,245.1,197.7,-14.49,-8.32
"2025-03-07 21:06:00",9148,11.84,-12.26,-11.84,86.5,87.2,2.827,2.849,3.552,3.332,344.9,237.6,983.8033,1.62,1.345,243.8,197.2,-14.46,-8.32
"2025-03-07 21:07:00",9149,11.85,-12.04,-11.67,86.6,86.7,2.819,2.834,3.501,3.724,344.9,241.6,983.808,1.892,1.297,245.6,198.6,-14.33,-8.32
"2025-03-07 21:08:00",9150,11.84,-11.98,-11.6,85.8,86.1,2.71,2.661,2.883,3.136,344.9,239.6,983.8577,2.257,1.708,243.4,197.2,-14.33,-8.33
"2025-03-07 21:09:00",9151,11.84,-12.04,-11.61,85.1,85.3,2.972,3,3.501,3.43,344.9,233.7,983.895,1.112,1.521,242.1,196.4,-14.42,-8.33
"2025-03-07 21:10:00",9152,11.84,-12.19,-11.72,83.9,83.7,3.728,3.655,4.015,3.92,344.9,234.8,983.8554,-0.032,1.351,241.7,195,-14.58,-8.33
"2025-03-07 21:11:00",9153,11.84,-12.43,-11.93,83,83.4,3.574,3.75,3.964,4.41,344.9,233.8,983.8519,-1.302,0.797,242.6,195.4,-14.68,-8.34
"2025-03-07 21:12:00",9154,11.84,-12.57,-12.08,82.9,83.2,3.717,3.925,4.221,4.508,344.9,234.2,983.8388,-0.267,0.896,243.9,196.3,-14.65,-8.34
"2025-03-07 21:13:00",9155,11.84,-12.73,-12.26,82.9,83.7,3.598,3.66,4.015,4.018,344.9,237.4,983.8774,0.306,1.066,244.4,196.1,-14.64,-8.34
"2025-03-07 21:14:00",9156,11.84,-12.72,-12.26,84.2,85,3.737,3.905,4.17,4.214,344.9,231.9,983.8704,0.32,0.916,245.9,197.3,-14.57,-8.34
"2025-03-07 21:15:00",9157,11.84,-12.59,-12.21,84.4,84.3,3.772,3.989,4.067,4.41,344.9,234.9,983.8913,1.632,1.233,246.8,197.6,-14.45,-8.35
"2025-03-07 21:16:00",9158,11.84,-12.68,-12.24,83.6,83.3,3.62,3.837,4.17,4.41,344.9,234.8,983.8753,1.977,1.567,244.8,196.1,-14.46,-8.35
"2025-03-07 21:17:00",9159,11.84,-12.94,-12.31,83.4,84.3,3.519,3.66,3.964,4.214,344.9,229.1,983.8723,-0.157,1.087,243.4,195.9,-14.58,-8.35
"2025-03-07 21:18:00",9160,11.84,-12.68,-12.09,84.5,82.8,3.644,3.541,4.324,4.508,344.9,228.3,983.8943,1.174,0.912,247.1,198.5,-14.4,-8.35
"2025-03-07 21:19:00",9161,11.84,-12.77,-12.21,83.6,81.4,3.886,4.028,4.376,4.606,344.9,229.2,983.8703,1.3,1.34,245.7,196.8,-14.43,-8.36
"2025-03-07 21:20:00",9162,11.84,-12.77,-12.28,83.3,81.2,3.831,3.825,4.273,4.606,344.9,228.7,983.8573,1.011,1.144,245.7,197.2,-14.43,-8.36
"2025-03-07 21:21:00",9163,11.84,-12.83,-12.33,83,80.9,3.745,3.683,4.273,4.508,344.9,226,983.8557,0.582,1.055,245.1,196.9,-14.46,-8.36
"2025-03-07 21:22:00",9164,11.84,-12.85,-12.38,83.2,82.2,3.648,3.58,4.17,4.018,344.9,223.3,983.8997,0.572,1.015,244.9,196.9,-14.46,-8.36
"2025-03-07 21:23:00",9165,11.84,-12.86,-12.41,82.9,81.4,3.757,3.799,4.118,4.116,344.9,226.8,983.9333,0.653,1.034,244.5,196.6,-14.48,-8.37
"2025-03-07 21:24:00",9166,11.84,-13.16,-12.59,81.6,81.8,4.047,3.84,4.324,4.214,344.9,223.9,983.9022,-0.111,1.032,242.9,195.3,-14.62,-8.37
"2025-03-07 21:25:00",9167,11.84,-13.3,-12.67,82.6,82.2,3.757,3.597,4.118,4.018,344.9,226.2,983.8729,-0.961,0.724,242.5,195.5,-14.73,-8.37
"2025-03-07 21:26:00",9168,11.84,-13.23,-12.65,83.6,83.3,3.606,3.407,4.118,3.724,344.9,225.9,983.9361,-1.204,0.591,242.4,195.8,-14.82,-8.38
"2025-03-07 21:27:00",9169,11.84,-13.06,-12.5,83.7,82.6,3.581,3.388,3.81,3.822,344.9,227.5,983.9252,-0.882,0.636,242.1,195.9,-14.87,-8.38
"2025-03-07 21:28:00",9170,11.84,-12.98,-12.42,83.5,81.6,3.449,3.373,3.707,3.822,344.9,230.7,983.9222,-0.401,0.665,242.9,196.3,-14.87,-8.38
"2025-03-07 21:29:00",9171,11.84,-13.07,-12.51,82.3,81.2,3.617,3.75,3.912,4.116,344.9,229.9,983.9314,0.086,0.893,242.7,195.9,-14.88,-8.38
"2025-03-07 21:30:00",9172,11.84,-13.19,-12.59,82.1,81.1,3.803,3.93,4.376,4.606,344.9,234.7,983.9551,-0.006,0.869,243.4,196,-14.88,-8.39
