"TOA5","1481","CR3000","1481","CR3000.Std.32.06","CPU:AWS_MaggieMay_no_sonic_v3.CR3","13840","Res_data_1_min"
"TIMESTAMP","RECORD","BattV","temperature_1","temperature_2","rel_humidity_1","rel_humidity_2","wind_speed_1","wind_speed_2","gust_speed_1","gust_speed_2","wind_direction_1","wind_direction_2","air_pressure","SWup","SWdown","LWup","LWdown","CNR1_T_degC","ground_temperature"
"TS","RN","Volts","degC","degC","%","%","m/s","m/s","m/s","m/s","deg","deg","hPa","W/m^2","W/m^2","W/m^2","W/m^2","degC","degC"
"","","Min","Avg","Avg","Smp","Smp","Avg","Avg","Max","Max","Smp","Smp","Avg","Avg","Avg","Avg","Avg","Avg","Avg"
"2025-03-06 02:31:00",6593,12.17,-10.73,-10.41,82.9,84,1.934,1.483,2.368,1.96,344.9,207.9,980.3366,-1.295,-2.314,251.4,224,-12.75,-9.36
"2025-03-06 02:32:00",6594,12.17,-10.5,-10.27,84.1,84.3,1.961,1.648,2.214,2.058,344.9,205.6,980.3297,-0.243,-0.859,253,231.3,-12.64,-9.37
"2025-03-06 02:33:00",6595,12.17,-10.28,-10.12,84.6,84.7,1.219,0.799,1.647,1.568,344.9,172.6,980.3506,0.927,0.593,256.8,239.5,-12.48,-9.37
"2025-03-06 02:34:00",6596,12.17,-10.09,-9.97,84.5,83.9,1.486,1.156,1.853,1.666,344.9,185.1,980.3024,2.201,1.971,259,248.4,-12.32,-9.37
"2025-03-06 02:35:00",6597,12.17,-10.07,-9.95,83.8,83,1.914,1.643,2.111,1.96,344.9,195.2,980.3129,2.489,2.424,261,256,-12.16,-9.37
"2025-03-06 02:36:00",6598,12.17,-10.1,-9.98,83.1,82.4,1.941,1.651,2.265,2.156,344.9,184.7,980.2851,2.473,2.438,262.5,259.6,-12.02,-9.37
"2025-03-06 02:37:00",6599,12.17,-10.09,-9.97,83.2,82.8,1.593,1.297,1.956,1.666,344.9,184.2,980.3174,2.344,2.429,263.6,261.4,-11.89,-9.37
"2025-03-06 02:38:00",6600,12.16,-10.06,-9.97,82.9,82.7,0.909,0.707,1.699,1.078,344.9,226.2,980.351,2.561,2.632,264,262,-11.77,-9.38
"2025-03-06 02:39:00",6601,12.16,-10.09,-9.97,82.6,82.3,2.121,1.953,2.625,2.45,344.9,270.8,980.3242,2.296,2.362,264.8,261.8,-11.64,-9.37
"2025-03-06 02:40:00",6602,12.17,-10.09,-9.99,83.5,83.6,1.805,1.597,2.831,2.548,344.9,290.9,980.3221,2.17,2.205,266.3,261,-11.47,-9.38
"2025-03-06 02:41:00",6603,12.16,-9.85,-9.84,84.7,84.3,0.623,0.497,1.39,1.274,344.9,283.5,980.3336,3.201,3.148,267.8,258.8,-11.24,-9.38
"2025-03-06 02:42:00",6604,12.17,-9.63,-9.66,84.8,84.4,0.288,0,0.618,0,344.9,257,980.3121,3.596,3.416,264.8,254.4,-11.16,-9.38
"2025-03-06 02:43:00",6605,12.16,-9.45,-9.49,84.9,84.3,0.028,0,0.154,0,344.9,238.2,980.2812,3.793,3.358,263.5,251.6,-11.07,-9.39
"2025-03-06 02:44:00",6606,12.16,-9.31,-9.36,84.8,84.1,0.627,0.093,1.081,0.392,344.9,214.8,980.2739,3.607,3.167,263.3,251.8,-11,-9.39
"2025-03-06 02:45:00",6607,12.16,-9.18,-9.24,84.2,83.1,0.929,0.611,1.287,1.274,344.9,258.6,980.3112,3.384,2.928,263.6,257.3,-10.91,-9.39
"2025-03-06 02:46:00",6608,12.16,-9.21,-9.27,83.2,82.5,1.021,0.675,1.699,1.568,344.9,222.2,980.2692,2.585,2.208,265.1,262.4,-10.83,-9.4
"2025-03-06 02:47:00",6609,12.16,-9.15,-9.19,83.4,82.8,1.218,0.838,1.956,1.568,344.9,215.1,980.2766,2.515,2.403,269,267.4,-10.68,-9.39
"2025-03-06 02:48:00",6610,12.16,-9.08,-9.1,83.3,82.7,1.116,0.652,1.802,1.568,344.9,133.7,980.2664,2.782,2.683,269.7,268.1,-10.58,-9.4
"2025-03-06 02:49:00",6611,12.16,-8.96,-9.01,83.2,82.2,0.907,0.702,1.441,1.274,344.9,167.4,980.2703,3.063,2.995,270.4,267.9,-10.45,-9.4
"2025-03-06 02:50:00",6612,12.16,-8.9,-8.95,83.1,82.1,0.822,0.443,1.39,1.274,344.9,116.3,980.2644,2.9,2.834,270.1,267.2,-10.37,-9.4
"2025-03-06 02:51:00",6613,12.16,-8.84,-8.89,82.9,81.8,0.344,0.163,0.772,0.686,344.9,32.45,980.2779,2.906,2.735,268.9,266.4,-10.29,-9.4
"2025-03-06 02:52:00",6614,12.16,-8.82,-8.86,82.7,81.8,0.601,0.284,1.39,1.47,344.9,342.6,980.2827,2.51,2.361,269.2,267.3,-10.22,-9.4
"2025-03-06 02:53:00",6615,12.16,-8.73,-8.75,83.1,82.2,3.044,3.123,4.273,4.214,344.9,350.1,980.2723,2.158,2.064,272.3,269.5,-10.08,-9.4
"2025-03-06 02:54:00",6616,12.16,-8.52,-8.49,82.8,80.8,3.707,3.696,5.251,4.9,344.9,338.1,980.2106,2.871,2.644,274.8,269.8,-9.81,-9.4
"2025-03-06 02:55:00",6617,12.16,-8.31,-8.3,81.8,79.66,3.137,3.053,4.582,4.214,344.9,0.166,980.2455,3.569,3.201,274.6,267.8,-9.62,-9.4
"2025-03-06 02:56:00",6618,12.16,-8.2,-8.21,81,79.2,3,2.876,4.067,3.92,344.9,1.552,980.2732,3.386,2.873,274.6,267.8,-9.47,-9.41
"2025-03-06 02:57:00",6619,12.16,-8.15,-8.16,80.5,78.76,2.338,2.28,3.346,3.234,344.9,0,980.2959,3.245,2.595,274.6,268.4,-9.34,-9.41
"2025-03-06 02:58:00",6620,12.16,-8.12,-8.15,80.1,78.85,3.473,3.456,5.148,4.802,344.9,354.4,980.2662,2.834,2.162,274.9,269.8,-9.24,-9.41
"2025-03-06 02:59:00",6621,12.16,-8.1,-8.14,80,78.85,3.299,3.307,4.067,4.214,344.9,343.1,980.2767,2.718,2.034,275.6,270.2,-9.11,-9.41
"2025-03-06 03:00:00",6622,12.16,-8.09,-8.13,79.81,78.72,3.955,3.895,4.891,4.802,344.9,351.7,980.2721,2.495,1.819,275.7,270.3,-9.02,-9.42
