"TOA5","1481","CR3000","1481","CR3000.Std.32.06","CPU:AWS_MaggieMay_no_sonic_v3.CR3","13840","Res_data_1_min"
"TIMESTAMP","RECORD","BattV","temperature_1","temperature_2","rel_humidity_1","rel_humidity_2","wind_speed_1","wind_speed_2","gust_speed_1","gust_speed_2","wind_direction_1","wind_direction_2","air_pressure","SWup","SWdown","LWup","LWdown","CNR1_T_degC","ground_temperature"
"TS","RN","Volts","degC","degC","%","%","m/s","m/s","m/s","m/s","deg","deg","hPa","W/m^2","W/m^2","W/m^2","W/m^2","degC","degC"
"","","Min","Avg","Avg","Smp","Smp","Avg","Avg","Max","Max","Smp","Smp","Avg","Avg","Avg","Avg","Avg","Avg","Avg"
"2025-03-06 20:31:00",7673,12.07,-8.39,-8.54,88,88.5,0.329,0,0.412,0,344.9,30.29,981.9743,-0.989,0.145,279.1,280.8,-7.892,-8.34
"2025-03-06 20:32:00",7674,12.07,-8.41,-8.55,88.1,88.6,0.621,0.16,0.772,0.392,344.9,30.35,981.9755,-0.986,0.152,279,280.7,-7.916,-8.34
"2025-03-06 20:33:00",7675,12.07,-8.43,-8.57,88.2,88.7,0.69,0.374,0.824,0.588,344.9,30.37,981.9837,-0.986,0.152,279,280.6,-7.931,-8.34
"2025-03-06 20:34:00",7676,12.07,-8.44,-8.58,88.3,88.8,0.795,0.58,0.875,0.686,344.9,30.37,982.0065,-0.986,0.152,279,280.6,-7.95,-8.33
"2025-03-06 20:35:00",7677,12.07,-8.46,-8.6,88.4,88.8,0.612,0.234,0.772,0.49,344.9,30.36,981.9741,-0.986,0.153,278.9,280.5,-7.969,-8.33
"2025-03-06 20:36:00",7678,12.07,-8.47,-8.6,88.4,88.8,0.322,0,0.463,0,344.9,30.36,981.9772,-0.986,0.162,278.8,280.4,-7.987,-8.33
"2025-03-06 20:37:00",7679,12.07,-8.48,-8.61,88.5,88.9,0.129,0,0.206,0,344.9,30.36,981.9965,-0.986,0.153,278.7,280.3,-8,-8.33
"2025-03-06 20:38:00",7680,12.07,-8.49,-8.61,88.5,88.9,0,0,0,0,344.9,30.36,981.9955,-0.979,0.126,278.7,280.3,-8.01,-8.33
"2025-03-06 20:39:00",7681,12.07,-8.49,-8.61,88.6,88.9,0,0,0,0,344.9,30.36,982.0129,-0.905,0.08,278.6,280.2,-8.02,-8.33
"2025-03-06 20:40:00",7682,12.07,-8.48,-8.6,88.6,88.9,0,0,0,0,344.9,30.36,982.0308,-0.835,0.058,278.5,280.1,-8.03,-8.33
"2025-03-06 20:41:00",7683,12.07,-8.48,-8.59,88.6,88.9,0,0,0,0,344.9,30.36,982.0183,-0.79,0.009,278.5,280.1,-8.03,-8.33
"2025-03-06 20:42:00",7684,12.07,-8.47,-8.59,88.6,88.9,0,0,0,0,344.9,30.36,982.0078,-0.708,-0.028,278.3,280,-8.05,-8.33
"2025-03-06 20:43:00",7685,12.07,-8.46,-8.58,88.6,88.9,0,0,0,0,344.9,30.36,982.0138,-0.666,-0.072,278.2,280,-8.05,-8.32
"2025-03-06 20:44:00",7686,12.07,-8.45,-8.57,88.6,88.9,0,0,0,0,344.9,30.36,982.0109,-0.647,-0.076,278.2,280,-8.06,-8.32
"2025-03-06 20:45:00",7687,12.07,-8.44,-8.56,88.6,88.9,0,0,0,0,344.9,30.36,982.0647,-0.636,-0.076,278.2,280,-8.07,-8.32
"2025-03-06 20:46:00",7688,12.07,-8.44,-8.56,88.6,88.9,0,0,0,0,344.9,30.36,982.0443,-0.645,-0.076,278.2,279.9,-8.09,-8.32
"2025-03-06 20:47:00",7689,12.07,-8.44,-8.55,88.6,88.8,0,0,0,0,344.9,30.36,982.0556,-0.659,-0.058,278.2,279.9,-8.1,-8.32
"2025-03-06 20:48:00",7690,12.07,-8.45,-8.55,88.6,88.8,0,0,0,0,344.9,30.36,982.0543,-0.679,-0.009,278.2,279.8,-8.11,-8.32
"2025-03-06 20:49:00",7691,12.07,-8.45,-8.56,88.6,88.8,0,0,0,0,344.9,30.36,982.0129,-0.682,0.004,278.2,279.8,-8.12,-8.32
"2025-03-06 20:50:00",7692,12.07,-8.45,-8.56,88.6,88.8,0.001,0,0.051,0,344.9,30.36,982.0349,-0.644,0.013,278.1,279.7,-8.13,-8.32
"2025-03-06 20:51:00",7693,12.07,-8.46,-8.56,88.6,88.8,0,0,0,0,344.9,30.36,982.0438,-0.64,0.011,278.1,279.7,-8.14,-8.32
"2025-03-06 20:52:00",7694,12.07,-8.46,-8.56,88.6,88.9,0,0,0,0,344.9,30.36,982.0626,-0.585,0.009,278.2,279.6,-8.15,-8.32
"2025-03-06 20:53:00",7695,12.07,-8.45,-8.55,88.6,88.9,0,0,0,0,344.9,30.36,982.0691,-0.564,0.014,278.2,279.6,-8.16,-8.32
"2025-03-06 20:54:00",7696,12.07,-8.45,-8.54,88.6,88.9,0,0,0,0,344.9,30.36,982.0731,-0.559,0.005,278.1,279.5,-8.17,-8.32
"2025-03-06 20:55:00",7697,12.07,-8.44,-8.54,88.6,88.8,0,0,0,0,344.9,30.36,982.0093,-0.532,-0.004,278.1,279.5,-8.17,-8.32
"2025-03-06 20:56:00",7698,12.07,-8.44,-8.53,88.6,88.8,0.001,0,0.051,0,344.9,30.36,982.0834,-0.53,-0.004,278.1,279.5,-8.19,-8.32
"2025-03-06 20:57:00",7699,12.07,-8.45,-8.53,88.7,88.8,0.354,0,0.463,0,344.9,30.36,982.0552,-0.513,-0.004,278.1,279.4,-8.2,-8.32
"2025-03-06 20:58:00",7700,12.07,-8.45,-8.53,88.7,88.8,0.365,0,0.463,0,344.9,30.37,982.0167,-0.464,-0.005,278.1,279.4,-8.2,-8.32
"2025-03-06 20:59:00",7701,12.07,-8.44,-8.53,88.7,88.8,0.498,0,0.618,0,344.9,30.47,982.0151,-0.407,-0.009,278.2,279.4,-8.2,-8.32
"2025-03-06 21:00:00",7702,12.07,-8.44,-8.54,88.7,88.8,0.646,0,0.721,0,344.9,30.63,982.0319,-0.381,-0.003,278.2,279.3,-8.22,-8.32
