"TOA5","1481","CR3000","1481","CR3000.Std.32.06","CPU:AWS_MaggieMay_no_sonic_v3.CR3","13840","Res_data_1_min"
"TIMESTAMP","RECORD","BattV","temperature_1","temperature_2","rel_humidity_1","rel_humidity_2","wind_speed_1","wind_speed_2","gust_speed_1","gust_speed_2","wind_direction_1","wind_direction_2","air_pressure","SWup","SWdown","LWup","LWdown","CNR1_T_degC","ground_temperature"
"TS","RN","Volts","degC","degC","%","%","m/s","m/s","m/s","m/s","deg","deg","hPa","W/m^2","W/m^2","W/m^2","W/m^2","degC","degC"
"","","Min","Avg","Avg","Smp","Smp","Avg","Avg","Max","Max","Smp","Smp","Avg","Avg","Avg","Avg","Avg","Avg","Avg"
"2025-03-08 23:01:00",10703,11.61,-13.9,-13.79,76.54,78.1,5.174,5.699,6.589,7.35,343.2,231.2,984.1737,-0.328,0.729,242.1,177.4,-14.57,-9.48
"2025-03-08 23:02:00",10704,11.61,-13.86,-13.75,77.43,78.26,5.624,5.975,6.795,7.252,343.2,244.3,984.1716,-0.435,0.564,244.6,178.7,-14.58,-9.49
"2025-03-08 23:03:00",10705,11.61,-13.83,-13.73,75.59,75.17,5.052,5.388,6.435,6.86,343.2,238.5,984.1887,0.345,0.676,243.2,178,-14.59,-9.48
"2025-03-08 23:04:00",10706,11.61,-13.84,-13.72,74.95,75.11,5.427,5.883,6.692,7.154,343.8,248.4,984.1619,-0.248,0.479,244.5,180.1,-14.61,-9.48
"2025-03-08 23:05:00",10707,11.61,-13.77,-13.69,73.57,73.8,4.327,4.624,5.302,5.488,343.8,232.7,984.1645,0.667,0.62,242.2,177.4,-14.63,-9.48
"2025-03-08 23:06:00",10708,11.61,-13.9,-13.81,73.37,75.22,4.369,4.795,5.611,5.978,343.8,233.9,984.1748,-0.106,0.519,241.1,177.1,-14.73,-9.49
"2025-03-08 23:07:00",10709,11.61,-13.95,-13.84,76.07,78.9,5.377,5.967,6.538,7.056,343.8,232.2,984.174,-0.224,0.425,243.1,178.4,-14.76,-9.49
"2025-03-08 23:08:00",10710,11.61,-13.88,-13.76,77.52,80,5.338,5.838,6.126,6.566,343.8,239.2,984.1869,0.269,0.461,244.4,179.2,-14.72,-9.49
"2025-03-08 23:09:00",10711,11.61,-13.96,-13.88,75.71,76.17,4.408,4.795,6.384,6.468,343.8,242.9,984.206,0.769,0.762,241.8,176.1,-14.78,-9.49
"2025-03-08 23:10:00",10712,11.61,-14.31,-14.19,74.83,76.31,4.161,4.539,5.508,5.88,343.8,240,984.1939,-0.492,0.657,240.2,176.1,-14.93,-9.49
"2025-03-08 23:11:00",10713,11.61,-14.4,-14.27,74.79,75.74,4.426,4.805,5.302,5.586,343.8,229.3,984.1657,-0.415,0.671,239.7,175.5,-15.01,-9.49
"2025-03-08 23:12:00",10714,11.61,-14.69,-14.59,73.63,75.15,4.344,4.663,5.663,5.684,343.8,250.8,984.2001,-0.808,0.857,238,173.7,-15.19,-9.49
"2025-03-08 23:13:00",10715,11.61,-14.98,-14.83,74.21,76.35,4.466,4.889,5.56,6.076,343.8,238.4,984.1981,-1.59,0.797,237.7,174.4,-15.37,-9.49
"2025-03-08 23:14:00",10716,11.61,-15.17,-15.01,75.62,78,4.477,4.815,5.148,5.586,343.8,237,984.1616,-1.657,0.725,238.2,175.1,-15.48,-9.49
"2025-03-08 23:15:00",10717,11.61,-15.15,-14.99,77.21,79.7,4.334,4.779,5.611,6.272,343.8,252.3,984.1357,-1.608,0.611,238.7,176.9,-15.52,-9.49
"2025-03-08 23:16:00",10718,11.61,-14.69,-14.51,77.41,77.91,4.263,4.644,4.994,5.586,343.8,276.8,984.1991,-0.028,0.464,242,179.5,-15.34,-9.49
"2025-03-08 23:17:00",10719,11.61,-14.44,-14.3,76.02,76.84,4.156,4.637,5.148,5.684,343.8,260.8,984.1907,0.888,0.569,240.2,177.6,-15.32,-9.49
"2025-03-08 23:18:00",10720,11.61,-14.31,-14.15,76.07,76.4,3.925,4.152,5.56,5.88,343.8,261.3,984.196,0.996,0.56,238.9,177.2,-15.31,-9.5
"2025-03-08 23:19:00",10721,11.61,-14.22,-14.07,74.57,75.2,3.694,4.078,4.685,5.194,343.8,264.1,984.181,0.662,0.461,238.5,177.2,-15.33,-9.5
"2025-03-08 23:20:00",10722,11.61,-14.3,-14.16,74.63,76.02,3.361,3.765,4.376,4.802,343.8,244.8,984.1957,0.463,0.516,237.5,176.6,-15.38,-9.5
"2025-03-08 23:21:00",10723,11.61,-14.4,-14.23,73.72,74.4,3.82,4.091,4.582,4.802,343.8,234.9,984.2089,0.376,0.559,237.4,175.9,-15.43,-9.5
"2025-03-08 23:22:00",10724,11.61,-14.59,-14.4,74.12,75.32,3.772,3.891,4.736,5.194,343.9,253.7,984.235,-0.159,0.533,237.5,175.8,-15.51,-9.5
"2025-03-08 23:23:00",10725,11.61,-14.66,-14.49,74.23,75.41,3.784,4.103,4.376,4.704,343.8,234.2,984.2262,0.005,0.564,237.6,175.9,-15.55,-9.5
"2025-03-08 23:24:00",10726,11.6,-14.84,-14.66,74.61,76.73,3.345,3.616,3.861,4.214,343.8,246.5,984.1921,-0.383,0.625,235.8,175.3,-15.64,-9.5
"2025-03-08 23:25:00",10727,11.61,-14.85,-14.65,75.53,76.7,3.662,3.846,4.324,4.606,343.9,259.7,984.1826,-0.38,0.548,237.5,176.7,-15.65,-9.5
"2025-03-08 23:26:00",10728,11.61,-14.84,-14.68,75.44,76.93,3.458,3.783,4.015,4.508,343.9,269.5,984.2225,-0.014,0.681,236.2,176.2,-15.69,-9.5
"2025-03-08 23:27:00",10729,11.61,-14.86,-14.69,75.79,77.57,3.103,3.35,3.81,3.92,343.9,292.3,984.1936,-0.296,0.633,235.3,176.5,-15.75,-9.5
"2025-03-08 23:28:00",10730,11.61,-14.8,-14.63,76.3,77.65,2.92,3.138,3.449,3.626,343.9,262.5,984.2484,-0.211,0.472,234.9,177,-15.76,-9.51
"2025-03-08 23:29:00",10731,11.6,-14.76,-14.59,75.9,77.17,2.727,2.95,3.655,4.116,343.8,218.2,984.2366,0.03,0.45,233.5,176.3,-15.8,-9.51
"2025-03-08 23:30:00",10732,11.61,-14.76,-14.55,74.98,75.46,2.629,2.705,3.449,3.822,343.8,220.9,984.2321,-0.223,0.436,231.7,175.7,-15.88,-9.51
