"TOA5","1481","CR3000","1481","CR3000.Std.32.06","CPU:AWS_MaggieMay_no_sonic_v3.CR3","13840","Res_data_1_min"
"TIMESTAMP","RECORD","BattV","temperature_1","temperature_2","rel_humidity_1","rel_humidity_2","wind_speed_1","wind_speed_2","gust_speed_1","gust_speed_2","wind_direction_1","wind_direction_2","air_pressure","SWup","SWdown","LWup","LWdown","CNR1_T_degC","ground_temperature"
"TS","RN","Volts","degC","degC","%","%","m/s","m/s","m/s","m/s","deg","deg","hPa","W/m^2","W/m^2","W/m^2","W/m^2","degC","degC"
"","","Min","Avg","Avg","Smp","Smp","Avg","Avg","Max","Max","Smp","Smp","Avg","Avg","Avg","Avg","Avg","Avg","Avg"
"2025-03-06 01:31:00",6533,12.18,-9.16,-9.1,81.5,80.9,3.301,3.415,4.324,4.606,344.9,12.83,980.5385,0.78,-1.71,262.5,215.7,-9.91,-9.36
"2025-03-06 01:32:00",6534,12.18,-9.27,-9.19,80.7,80.3,2.58,2.621,4.376,4.606,344.9,351.2,980.5217,0.577,-1.972,260.6,215.3,-9.97,-9.36
"2025-03-06 01:33:00",6535,12.18,-9.35,-9.3,81.5,81.3,0.999,0.725,2.265,1.862,344.9,334.5,980.5309,0.464,-2.166,258.6,217.2,-10.01,-9.36
"2025-03-06 01:34:00",6536,12.18,-9.33,-9.32,82.2,81.8,0.946,0.547,1.287,1.176,344.9,303.2,980.4991,0.521,-2.124,256.2,217.6,-10.05,-9.36
"2025-03-06 01:35:00",6537,12.18,-9.31,-9.32,82.4,81.6,0.568,0.212,1.236,0.588,344.9,135.7,980.5157,0.474,-2.159,254.2,215.6,-10.11,-9.36
"2025-03-06 01:36:00",6538,12.18,-9.31,-9.32,82.5,81.9,0.02,0.145,0.309,0.686,344.9,92,980.5077,0.349,-2.462,249.7,213.4,-10.18,-9.36
"2025-03-06 01:37:00",6539,12.18,-9.31,-9.32,82.3,81.4,0.631,0.573,1.647,1.666,344.9,144.1,980.4652,0.01,-2.755,250.2,213.3,-10.26,-9.36
"2025-03-06 01:38:00",6540,12.18,-9.36,-9.38,82,80.7,0.118,0.034,0.36,0.686,344.9,144.1,980.5244,-0.166,-2.837,249.9,214.5,-10.34,-9.35
"2025-03-06 01:39:00",6541,12.18,-9.54,-9.55,80.9,79.34,0.653,0.224,1.647,0.98,344.9,60.55,980.5315,-0.82,-3.418,251.2,214.2,-10.46,-9.35
"2025-03-06 01:40:00",6542,12.18,-9.7,-9.69,81.4,81.2,0.631,0.305,1.133,0.882,344.9,321.8,980.4924,-0.95,-3.462,251.8,213.3,-10.53,-9.35
"2025-03-06 01:41:00",6543,12.18,-9.66,-9.67,82.6,82.4,0.703,0.263,1.03,0.784,344.9,340.1,980.5289,-0.377,-2.839,252.1,211.2,-10.55,-9.35
"2025-03-06 01:42:00",6544,12.18,-9.58,-9.6,83.2,82.8,0.571,0.122,0.772,0.49,344.9,330.3,980.4702,0.167,-2.42,251.3,210.1,-10.56,-9.35
"2025-03-06 01:43:00",6545,12.18,-9.46,-9.5,83.7,83.1,0.243,0,0.566,0,344.9,330.2,980.5313,0.715,-1.927,251.1,209,-10.55,-9.35
"2025-03-06 01:44:00",6546,12.18,-9.36,-9.42,83.7,83,0.311,0,0.566,0,344.9,330.3,980.4375,1.109,-1.674,248.9,208,-10.57,-9.35
"2025-03-06 01:45:00",6547,12.18,-9.3,-9.37,83.6,82.7,0.443,0,1.236,0,344.9,230.6,980.5139,0.807,-1.948,248.6,208.4,-10.63,-9.35
"2025-03-06 01:46:00",6548,12.18,-9.29,-9.36,82.9,81.7,0.757,0.34,1.493,1.274,344.9,214.9,980.4905,0.97,-1.967,247.9,207.3,-10.7,-9.35
"2025-03-06 01:47:00",6549,12.18,-9.53,-9.53,81.5,80.7,1.188,0.676,1.596,1.176,344.9,190.4,980.5016,0.01,-2.737,247.9,205.8,-10.83,-9.35
"2025-03-06 01:48:00",6550,12.18,-9.64,-9.63,81.9,81.7,0.665,0.171,1.236,0.784,344.9,191.9,980.4881,-0.558,-2.98,246.4,206.5,-10.89,-9.35
"2025-03-06 01:49:00",6551,12.18,-9.59,-9.6,82.5,82.4,0.766,0.307,1.081,0.686,344.9,204.8,980.4745,0.097,-2.185,247.3,207,-10.91,-9.35
"2025-03-06 01:50:00",6552,12.18,-9.59,-9.59,82.4,82.1,1.291,0.931,1.647,1.372,344.9,192.6,980.4599,-0.005,-2.202,247.2,207.5,-10.97,-9.35
"2025-03-06 01:51:00",6553,12.18,-9.61,-9.6,82.5,82.2,1.303,0.947,1.596,1.274,344.9,187.5,980.4953,-0.178,-2.13,246.4,209.2,-11.01,-9.35
"2025-03-06 01:52:00",6554,12.18,-9.61,-9.61,82.6,82.2,1.377,1.071,1.544,1.372,344.9,165.9,980.4988,-0.106,-1.808,247.3,214,-11.04,-9.35
"2025-03-06 01:53:00",6555,12.18,-9.62,-9.62,82.2,81.7,1.657,1.307,1.956,1.764,344.9,176.6,980.483,0.247,-1.312,250.5,219.5,-11.08,-9.35
"2025-03-06 01:54:00",6556,12.18,-9.81,-9.7,81.2,81.1,1.581,1.078,2.059,1.47,344.9,173.3,980.5046,-0.268,-1.782,252,223.9,-11.18,-9.35
"2025-03-06 01:55:00",6557,12.18,-10.11,-9.86,80.4,81.1,1.416,1.039,2.008,1.666,344.9,166.2,980.4358,-1.537,-2.915,251.1,224.1,-11.35,-9.35
"2025-03-06 01:56:00",6558,12.17,-10.13,-9.9,81.8,82.2,1.143,0.854,1.493,1.274,344.9,156.4,980.4319,-1.199,-2.347,252.4,222.6,-11.37,-9.35
"2025-03-06 01:57:00",6559,12.18,-10.04,-9.88,82.2,81.5,0.995,0.384,1.287,0.882,344.9,196.1,980.4074,0.143,-1.079,251.3,220.8,-11.35,-9.35
"2025-03-06 01:58:00",6560,12.17,-10.29,-10.09,80.4,79.22,2.169,1.806,2.883,2.744,344.9,248.6,980.4389,0.073,-1.428,250.9,215.2,-11.46,-9.35
"2025-03-06 01:59:00",6561,12.17,-10.72,-10.44,79.55,80.4,2.505,2.347,2.986,2.94,344.9,240.8,980.3925,-1.203,-3.021,251.7,214.2,-11.67,-9.35
"2025-03-06 02:00:00",6562,12.17,-10.84,-10.54,81.2,82.2,2.574,2.066,3.14,2.744,344.9,252.5,980.4022,-1.481,-3.165,253.6,220.6,-11.77,-9.35
