"TOA5","1481","CR3000","1481","CR3000.Std.32.06","CPU:AWS_MaggieMay_no_sonic_v3.CR3","13840","Res_data_1_min"
"TIMESTAMP","RECORD","BattV","temperature_1","temperature_2","rel_humidity_1","rel_humidity_2","wind_speed_1","wind_speed_2","gust_speed_1","gust_speed_2","wind_direction_1","wind_direction_2","air_pressure","SWup","SWdown","LWup","LWdown","CNR1_T_degC","ground_temperature"
"TS","RN","Volts","degC","degC","%","%","m/s","m/s","m/s","m/s","deg","deg","hPa","W/m^2","W/m^2","W/m^2","W/m^2","degC","degC"
"","","Min","Avg","Avg","Smp","Smp","Avg","Avg","Max","Max","Smp","Smp","Avg","Avg","Avg","Avg","Avg","Avg","Avg"
"2025-03-06 14:31:00",7313,12.11,-8.24,-8.43,86.8,87.7,0,0,0,0,344.9,322.5,981.1347,15.2,13.99,278.9,282.8,-7.372,-8.62
"2025-03-06 14:32:00",7314,12.11,-8.22,-8.42,86.8,87.8,0,0,0,0,344.9,322.5,981.1031,14.98,13.78,279,282.8,-7.371,-8.62
"2025-03-06 14:33:00",7315,12.11,-8.2,-8.41,86.9,87.9,0,0,0,0,344.9,322.5,981.0912,14.79,13.6,279,282.9,-7.363,-8.62
"2025-03-06 14:34:00",7316,12.11,-8.18,-8.39,86.9,87.9,0,0,0,0,344.9,322.5,981.1384,14.72,13.46,279,282.9,-7.35,-8.62
"2025-03-06 14:35:00",7317,12.11,-8.16,-8.37,86.9,87.9,0,0,0,0,344.9,322.5,981.1074,14.78,13.44,279.1,282.9,-7.355,-8.62
"2025-03-06 14:36:00",7318,12.11,-8.16,-8.36,86.9,87.8,0,0,0,0,344.9,322.5,981.1359,14.94,13.6,279.2,282.9,-7.372,-8.61
"2025-03-06 14:37:00",7319,12.11,-8.19,-8.37,86.9,87.8,0,0,0,0,344.9,322.5,981.1168,15.07,13.73,279.3,282.9,-7.378,-8.61
"2025-03-06 14:38:00",7320,12.11,-8.21,-8.38,86.9,87.7,0,0,0,0,344.9,322.5,981.0976,15.08,13.73,279.3,282.8,-7.39,-8.61
"2025-03-06 14:39:00",7321,12.11,-8.24,-8.4,86.9,87.7,0.236,0,0.36,0,344.9,322.4,981.1464,15.02,13.64,279.4,282.8,-7.401,-8.61
"2025-03-06 14:40:00",7322,12.11,-8.28,-8.42,86.9,87.7,0.427,0,0.515,0,344.9,322.4,981.1378,14.9,13.58,279.3,282.8,-7.417,-8.61
"2025-03-06 14:41:00",7323,12.11,-8.32,-8.45,86.9,87.7,0.37,0,0.463,0,344.9,322.4,981.1733,14.85,13.48,279.2,282.7,-7.429,-8.61
"2025-03-06 14:42:00",7324,12.11,-8.34,-8.47,86.8,87.8,0.179,0,0.309,0,344.9,322.4,981.1271,14.67,13.3,279.1,282.6,-7.442,-8.61
"2025-03-06 14:43:00",7325,12.11,-8.36,-8.48,86.9,87.8,0.029,0,0.103,0,344.9,322.4,981.152,14.47,13.07,279,282.6,-7.446,-8.61
"2025-03-06 14:44:00",7326,12.11,-8.36,-8.48,86.9,87.8,0,0,0,0,344.9,322.4,981.1514,14.32,12.8,279,282.6,-7.444,-8.6
"2025-03-06 14:45:00",7327,12.11,-8.37,-8.48,86.9,87.9,0,0,0,0,344.9,322.4,981.1592,14.13,12.49,278.9,282.6,-7.442,-8.6
"2025-03-06 14:46:00",7328,12.11,-8.37,-8.49,86.9,87.8,0,0,0,0,344.9,322.4,981.1752,13.82,12.15,278.9,282.6,-7.446,-8.6
"2025-03-06 14:47:00",7329,12.11,-8.36,-8.49,86.9,87.8,0,0,0,0,344.9,322.4,981.1663,13.52,11.92,278.8,282.5,-7.469,-8.6
"2025-03-06 14:48:00",7330,12.11,-8.37,-8.5,86.9,87.8,0,0,0,0,344.9,322.4,981.2063,13.15,11.69,278.8,282.4,-7.49,-8.6
"2025-03-06 14:49:00",7331,12.11,-8.39,-8.51,86.9,87.8,0.425,0,0.618,0,344.9,322.6,981.1953,12.94,11.59,278.8,282.4,-7.512,-8.6
"2025-03-06 14:50:00",7332,12.11,-8.41,-8.52,86.9,87.8,0.635,0,0.721,0,344.9,323.4,981.2086,12.76,11.53,278.8,282.3,-7.539,-8.6
"2025-03-06 14:51:00",7333,12.11,-8.44,-8.54,87,87.9,0.702,0,0.772,0,344.9,12.42,981.2141,12.66,11.54,278.7,282.2,-7.569,-8.6
"2025-03-06 14:52:00",7334,12.11,-8.47,-8.56,87,87.9,0.73,0,0.824,0,344.9,12.44,981.2386,12.66,11.6,278.7,282.1,-7.591,-8.6
"2025-03-06 14:53:00",7335,12.11,-8.5,-8.58,87.1,87.9,0.676,0,0.772,0,344.9,12.57,981.2297,12.6,11.58,278.6,282,-7.619,-8.59
"2025-03-06 14:54:00",7336,12.11,-8.52,-8.6,87.1,88,0.71,0,0.875,0,344.9,12.78,981.2435,12.51,11.48,278.6,281.9,-7.637,-8.59
"2025-03-06 14:55:00",7337,12.11,-8.54,-8.62,87.2,88.1,0.752,0,0.875,0,344.9,12.79,981.2516,12.39,11.38,278.6,281.8,-7.656,-8.59
"2025-03-06 14:56:00",7338,12.11,-8.56,-8.63,87.3,88.1,0.726,0,0.824,0,344.9,12.81,981.2191,12.23,11.27,278.6,281.8,-7.676,-8.59
"2025-03-06 14:57:00",7339,12.11,-8.59,-8.66,87.4,88.1,0.631,0,0.721,0,344.9,12.81,981.2011,12.06,11.1,278.6,281.7,-7.703,-8.59
"2025-03-06 14:58:00",7340,12.11,-8.61,-8.68,87.4,88.1,0.542,0,0.669,0,344.9,12.81,981.2107,11.69,10.83,278.5,281.6,-7.725,-8.58
"2025-03-06 14:59:00",7341,12.11,-8.63,-8.71,87.5,88.1,0.371,0,0.566,0,344.9,12.81,981.2203,11.18,10.38,278.4,281.5,-7.743,-8.58
"2025-03-06 15:00:00",7342,12.11,-8.65,-8.75,87.5,88.2,0.211,0,0.36,0,344.9,12.8,981.2492,10.59,9.81,278.3,281.3,-7.762,-8.58
