"TOA5","1481","CR3000","1481","CR3000.Std.32.06","CPU:AWS_MaggieMay_no_sonic_v3.CR3","13840","Res_data_1_min"
"TIMESTAMP","RECORD","BattV","temperature_1","temperature_2","rel_humidity_1","rel_humidity_2","wind_speed_1","wind_speed_2","gust_speed_1","gust_speed_2","wind_direction_1","wind_direction_2","air_pressure","SWup","SWdown","LWup","LWdown","CNR1_T_degC","ground_temperature"
"TS","RN","Volts","degC","degC","%","%","m/s","m/s","m/s","m/s","deg","deg","hPa","W/m^2","W/m^2","W/m^2","W/m^2","degC","degC"
"","","Min","Avg","Avg","Smp","Smp","Avg","Avg","Max","Max","Smp","Smp","Avg","Avg","Avg","Avg","Avg","Avg","Avg"
"2025-03-06 17:31:00",7493,12.09,-8.33,-8.43,85.8,86.9,0.28,0,0.412,0,344.9,211,981.4343,0.835,0,277.1,277.2,-8.73,-8.42
"2025-03-06 17:32:00",7494,12.09,-8.34,-8.43,85.9,86.9,0.371,0,0.515,0,344.9,211,981.4503,0.812,0,277.1,277.3,-8.72,-8.42
"2025-03-06 17:33:00",7495,12.09,-8.34,-8.43,85.9,86.9,0.473,0,0.566,0,344.9,211,981.4965,0.754,0.011,277.2,277.3,-8.71,-8.42
"2025-03-06 17:34:00",7496,12.09,-8.35,-8.45,85.9,86.8,0.365,0,0.515,0,344.9,211,981.496,0.696,0.049,277.2,277.4,-8.69,-8.42
"2025-03-06 17:35:00",7497,12.09,-8.37,-8.47,85.9,86.8,0.051,0,0.206,0,344.9,211,981.4843,0.594,0.068,277.1,277.4,-8.69,-8.42
"2025-03-06 17:36:00",7498,12.09,-8.38,-8.49,86,86.8,0.19,0,0.772,0,344.9,210.9,981.476,0.47,0.057,277.1,277.4,-8.69,-8.42
"2025-03-06 17:37:00",7499,12.09,-8.39,-8.5,86,86.9,0.138,0,0.515,0,344.9,203.3,981.4832,0.512,0,277.5,277.4,-8.68,-8.42
"2025-03-06 17:38:00",7500,12.09,-8.39,-8.51,86.2,87.1,0.273,0.09,0.927,0.49,344.9,208.9,981.498,0.556,-0.018,278,277.5,-8.66,-8.42
"2025-03-06 17:39:00",7501,12.09,-8.34,-8.47,86.4,87.4,0.991,0.717,1.596,1.078,344.9,205.6,981.4604,0.989,-0.099,278.5,277.8,-8.61,-8.42
"2025-03-06 17:40:00",7502,12.09,-8.3,-8.43,86.5,87.3,1.036,0.704,1.596,1.47,344.9,163.2,981.4623,1.215,-0.016,278.3,277.9,-8.59,-8.42
"2025-03-06 17:41:00",7503,12.09,-8.32,-8.44,86.4,87.1,0.579,0.149,1.081,0.49,344.9,75.45,981.4772,1,0.001,277.9,277.8,-8.59,-8.42
"2025-03-06 17:42:00",7504,12.09,-8.37,-8.5,86.3,86.9,0.487,0,0.772,0,344.9,85,981.5018,0.693,0.008,277.6,277.8,-8.58,-8.42
"2025-03-06 17:43:00",7505,12.09,-8.42,-8.57,86.2,86.9,0.257,0,0.618,0,344.9,85,981.4711,0.464,0.02,277.5,277.8,-8.58,-8.41
"2025-03-06 17:44:00",7506,12.09,-8.46,-8.6,86.2,87,0.156,0,0.309,0,344.9,85,981.471,0.372,0.008,277.4,277.8,-8.57,-8.41
"2025-03-06 17:45:00",7507,12.09,-8.48,-8.61,86.3,87.1,0.059,0,0.154,0,344.9,85,981.4708,0.247,0,277.4,277.8,-8.57,-8.41
"2025-03-06 17:46:00",7508,12.09,-8.49,-8.61,86.4,87.2,0.003,0,0.051,0,344.9,85,981.5172,0.226,0.014,277.3,277.8,-8.57,-8.41
"2025-03-06 17:47:00",7509,12.09,-8.5,-8.63,86.5,87.2,0.057,0,0.206,0,344.9,85,981.49,0.175,0.001,277.4,277.9,-8.57,-8.41
"2025-03-06 17:48:00",7510,12.09,-8.52,-8.64,86.5,87.3,0.006,0,0.103,0,344.9,85,981.5125,0.1,0,277.4,277.9,-8.57,-8.41
"2025-03-06 17:49:00",7511,12.09,-8.52,-8.65,86.6,87.4,0.033,0,0.154,0,344.9,97.5,981.504,0.185,0,277.5,277.9,-8.57,-8.41
"2025-03-06 17:50:00",7512,12.09,-8.51,-8.63,86.7,87.5,0.285,0,0.412,0,344.9,108.6,981.5188,0.378,-0.018,277.5,277.9,-8.55,-8.41
"2025-03-06 17:51:00",7513,12.09,-8.48,-8.6,86.9,87.7,0.256,0,0.515,0,344.9,108.4,981.5087,0.503,-0.03,277.4,277.9,-8.55,-8.41
"2025-03-06 17:52:00",7514,12.09,-8.44,-8.56,87,87.6,0.482,0,0.669,0,344.9,41.87,981.512,0.482,-0.014,277.3,278,-8.54,-8.41
"2025-03-06 17:53:00",7515,12.09,-8.44,-8.55,86.9,87.6,0.512,0,0.669,0,344.9,41.89,981.5441,0.3,-0.001,277.2,278,-8.55,-8.41
"2025-03-06 17:54:00",7516,12.09,-8.45,-8.56,86.9,87.5,0.341,0,0.515,0,344.9,41.9,981.5447,0.228,0,277.3,278,-8.54,-8.41
"2025-03-06 17:55:00",7517,12.09,-8.47,-8.57,87,87.5,0.335,0,0.412,0,344.9,41.9,981.562,0.22,-0.005,277.4,278,-8.54,-8.41
"2025-03-06 17:56:00",7518,12.09,-8.48,-8.58,87,87.5,0.205,0,0.309,0,344.9,41.91,981.5391,0.161,-0.001,277.4,278,-8.55,-8.41
"2025-03-06 17:57:00",7519,12.09,-8.48,-8.59,87,87.6,0.107,0,0.206,0,344.9,41.91,981.5438,0.083,-0.001,277.3,278,-8.54,-8.41
"2025-03-06 17:58:00",7520,12.09,-8.49,-8.59,87,87.6,0.037,0,0.154,0,344.9,41.92,981.5555,0.076,-0.008,277.2,277.9,-8.55,-8.41
"2025-03-06 17:59:00",7521,12.09,-8.51,-8.6,87,87.6,0,0,0,0,344.9,41.92,981.5471,0.054,-0.003,277.2,277.9,-8.55,-8.4
"2025-03-06 18:00:00",7522,12.09,-8.51,-8.61,87,87.6,0,0,0,0,344.9,41.92,981.5372,0.028,-0.015,277.3,277.9,-8.55,-8.41
