"TOA5","1481","CR3000","1481","CR3000.Std.32.06","CPU:AWS_MaggieMay_no_sonic_v3.CR3","13840","Res_data_1_min"
"TIMESTAMP","RECORD","BattV","temperature_1","temperature_2","rel_humidity_1","rel_humidity_2","wind_speed_1","wind_speed_2","gust_speed_1","gust_speed_2","wind_direction_1","wind_direction_2","air_pressure","SWup","SWdown","LWup","LWdown","CNR1_T_degC","ground_temperature"
"TS","RN","Volts","degC","degC","%","%","m/s","m/s","m/s","m/s","deg","deg","hPa","W/m^2","W/m^2","W/m^2","W/m^2","degC","degC"
"","","Min","Avg","Avg","Smp","Smp","Avg","Avg","Max","Max","Smp","Smp","Avg","Avg","Avg","Avg","Avg","Avg","Avg"
"2025-03-07 22:31:00",9233,11.82,-14.27,-13.78,79.48,79.76,3.967,3.938,4.427,4.802,344.9,224.6,984.0258,-0.315,0.652,240.7,199.5,-15.82,-8.59
"2025-03-07 22:32:00",9234,11.82,-14.4,-13.96,80.6,81.1,4.348,4.353,4.788,4.802,344.9,229.3,984.0324,-0.149,0.564,242.3,200.5,-15.8,-8.59
"2025-03-07 22:33:00",9235,11.82,-14.53,-14.11,80.7,81.8,4.191,4.381,4.685,4.998,344.9,225,984.0374,0.287,0.73,241.7,200.3,-15.82,-8.59
"2025-03-07 22:34:00",9236,11.82,-14.69,-14.26,80.3,80.8,3.956,3.958,4.324,4.41,344.9,232,984.0312,0.084,0.769,240.4,199.7,-15.89,-8.6
"2025-03-07 22:35:00",9237,11.82,-14.77,-14.27,81.5,84,3.429,3.325,3.707,3.626,344.9,230.8,984.0499,-0.411,0.545,239.9,200,-15.95,-8.6
"2025-03-07 22:36:00",9238,11.82,-14.64,-13.99,82.5,84,3.581,3.453,3.912,4.116,344.9,230.8,984.0255,-0.568,0.481,240.3,200.4,-15.97,-8.6
"2025-03-07 22:37:00",9239,11.82,-14.44,-13.77,83.8,85,3.361,3.355,3.707,3.724,344.9,229.4,984.0343,0.277,0.609,240.8,201.4,-15.92,-8.6
"2025-03-07 22:38:00",9240,11.82,-13.97,-13.44,84.9,85,3.041,3.017,3.295,3.332,344.9,225.2,984.0125,0.722,0.83,239.9,202,-15.9,-8.61
"2025-03-07 22:39:00",9241,11.82,-13.68,-13.22,85,84.3,3.043,3.007,3.346,3.43,344.9,230.4,984.0227,0.462,0.782,240,202.8,-15.9,-8.61
"2025-03-07 22:40:00",9242,11.82,-13.52,-13.07,84.2,82.9,3.167,2.999,3.449,3.234,344.9,235.7,984.048,0.76,0.826,240.8,204.1,-15.86,-8.61
"2025-03-07 22:41:00",9243,11.82,-13.51,-12.98,83.4,82.5,3.139,3.098,3.501,3.626,344.9,226.2,984.0265,0.91,0.786,242,205.7,-15.79,-8.62
"2025-03-07 22:42:00",9244,11.82,-13.47,-12.94,82.6,81.5,3.282,3.312,3.501,3.822,344.9,232.1,984.0478,1.571,0.997,242.2,206.8,-15.71,-8.62
"2025-03-07 22:43:00",9245,11.82,-13.42,-12.91,82.9,82.3,3.206,3.116,3.604,3.626,344.9,227.8,984.0329,1.382,0.998,242.4,207.6,-15.67,-8.62
"2025-03-07 22:44:00",9246,11.82,-13.25,-12.82,82.9,82.2,3.091,3.041,3.501,3.528,344.9,224.2,984.0356,1.559,0.968,242.7,208.3,-15.61,-8.63
"2025-03-07 22:45:00",9247,11.82,-13.26,-12.81,81.9,81.5,3.596,3.748,4.067,4.116,344.9,227,983.9922,1.521,0.978,243.9,208.6,-15.53,-8.63
"2025-03-07 22:46:00",9248,11.82,-13.28,-12.83,81.6,81,3.634,3.789,4.118,4.214,344.9,223.9,984.0583,2.112,1.037,244.8,208.7,-15.42,-8.63
"2025-03-07 22:47:00",9249,11.82,-13.33,-12.85,81.2,81.3,3.657,3.644,4.015,4.018,344.9,226.6,984.0461,1.855,1.149,244.1,207.7,-15.39,-8.63
"2025-03-07 22:48:00",9250,11.82,-13.33,-12.87,81.6,81.7,3.647,3.655,3.912,4.018,344.9,220.8,984.0438,1.384,0.92,244.5,207.9,-15.35,-8.64
"2025-03-07 22:49:00",9251,11.82,-13.25,-12.83,81.8,81.2,3.677,3.796,4.015,4.116,344.9,222.8,984.0294,1.627,1.013,244.8,208,-15.27,-8.64
"2025-03-07 22:50:00",9252,11.82,-13.2,-12.83,82,81.7,3.904,4.007,4.479,4.606,344.9,219.8,984.0422,1.754,0.912,246.2,209.1,-15.16,-8.64
"2025-03-07 22:51:00",9253,11.82,-13.14,-12.84,82.2,82,4.003,4.095,4.53,4.704,344.9,219.2,984.0418,2.303,1.041,247.8,210.1,-15,-8.65
"2025-03-07 22:52:00",9254,11.82,-13.01,-12.78,82.5,82.1,3.705,3.819,4.015,4.018,344.9,219.6,984.0514,2.867,1.26,247.9,210.9,-14.86,-8.65
"2025-03-07 22:53:00",9255,11.81,-12.81,-12.65,83.2,82.5,3.411,3.533,3.861,4.018,344.9,219.7,984.0348,2.945,1.183,249.1,212.2,-14.7,-8.65
"2025-03-07 22:54:00",9256,11.81,-12.71,-12.58,82.6,82.3,3.518,3.59,3.964,4.214,344.9,219.1,984.0189,3.21,1.421,248.9,212.1,-14.57,-8.66
"2025-03-07 22:55:00",9257,11.81,-12.63,-12.49,82.2,81.3,3.344,3.489,3.758,4.214,344.9,217,984.0141,3.191,1.36,249,212.1,-14.45,-8.66
"2025-03-07 22:56:00",9258,11.81,-12.69,-12.54,81.1,80.9,3.377,3.358,4.015,4.018,344.9,216.3,983.9947,2.782,1.399,248.4,211.7,-14.38,-8.66
"2025-03-07 22:57:00",9259,11.82,-12.77,-12.63,80.8,81.1,3.218,3.227,3.604,3.724,344.9,221,984.0252,2.017,1.255,247.6,211.6,-14.37,-8.67
"2025-03-07 22:58:00",9260,11.81,-12.72,-12.62,81.8,82.4,3.206,3.185,3.707,3.724,344.9,213.1,984.0123,1.698,1.045,248.3,212.5,-14.3,-8.67
"2025-03-07 22:59:00",9261,11.81,-12.66,-12.55,81.5,82,3.145,3.118,3.552,3.528,344.9,226.2,983.9828,1.876,1.159,248.3,212.5,-14.24,-8.67
"2025-03-07 23:00:00",9262,11.81,-12.65,-12.5,80.8,80.5,3.413,3.414,4.067,4.018,344.9,222.8,983.9996,2.042,1.24,248.1,212,-14.19,-8.68
