"TOA5","1481","CR3000","1481","CR3000.Std.32.06","CPU:AWS_MaggieMay_no_sonic_v3.CR3","13840","Res_data_1_min"
"TIMESTAMP","RECORD","BattV","temperature_1","temperature_2","rel_humidity_1","rel_humidity_2","wind_speed_1","wind_speed_2","gust_speed_1","gust_speed_2","wind_direction_1","wind_direction_2","air_pressure","SWup","SWdown","LWup","LWdown","CNR1_T_degC","ground_temperature"
"TS","RN","Volts","degC","degC","%","%","m/s","m/s","m/s","m/s","deg","deg","hPa","W/m^2","W/m^2","W/m^2","W/m^2","degC","degC"
"","","Min","Avg","Avg","Smp","Smp","Avg","Avg","Max","Max","Smp","Smp","Avg","Avg","Avg","Avg","Avg","Avg","Avg"
"2025-03-05 08:31:00",5513,12.23,-11.98,-12.05,79.73,80.9,2.778,2.78,3.398,3.136,332.8,60.62,981.6946,22.39,23.57,263.1,259,-11.61,-10.7
"2025-03-05 08:32:00",5514,12.24,-11.98,-12.05,79.79,80.9,2.275,2.316,2.78,2.842,332.8,56.59,981.6726,23.05,24.3,263.1,258.8,-11.6,-10.7
"2025-03-05 08:33:00",5515,12.24,-12,-12.07,79.97,81.1,2.205,2.306,2.625,2.646,332.8,51.39,981.6691,23.55,24.9,263,258.5,-11.6,-10.69
"2025-03-05 08:34:00",5516,12.24,-12.01,-12.08,80.1,81.1,3.614,3.773,5.045,5.488,332.8,0.184,981.6827,24.1,25.51,263.1,258.6,-11.61,-10.69
"2025-03-05 08:35:00",5517,12.23,-12,-12.07,79.93,80.5,3.443,3.487,4.633,4.704,332.8,0.338,981.692,24.72,26.21,263.2,258.6,-11.6,-10.69
"2025-03-05 08:36:00",5518,12.23,-11.97,-12.05,80.1,80.9,3.844,3.91,4.994,5.292,332.8,38.81,981.7108,25.3,26.84,263.3,258.9,-11.59,-10.68
"2025-03-05 08:37:00",5519,12.23,-11.9,-11.97,80.2,80.9,4.877,4.926,6.538,6.37,332.8,26.63,981.7032,25.85,27.4,263.7,259.2,-11.56,-10.67
"2025-03-05 08:38:00",5520,12.23,-11.82,-11.9,79.93,80.6,5.127,5.112,6.898,6.664,332.8,43.18,981.6904,26.65,28.3,263.9,259.1,-11.52,-10.67
"2025-03-05 08:39:00",5521,12.23,-11.79,-11.86,79.85,80.7,3.296,3.241,4.479,4.116,332.8,22.29,981.6605,27.43,29.23,263.9,259,-11.49,-10.67
"2025-03-05 08:40:00",5522,12.24,-11.77,-11.84,79.6,80.2,4.272,4.247,6.281,6.272,332.8,14.91,981.6705,27.81,29.65,263.9,259.1,-11.47,-10.66
"2025-03-05 08:41:00",5523,12.24,-11.77,-11.85,79.18,79.62,4.848,4.895,6.126,6.566,332.8,7.518,981.6866,28.5,30.46,263.9,258.7,-11.45,-10.66
"2025-03-05 08:42:00",5524,12.24,-11.78,-11.85,79.16,79.77,7.157,7.257,8.6,8.62,332.8,22.09,981.6545,29.34,31.51,264.1,258,-11.44,-10.66
"2025-03-05 08:43:00",5525,12.24,-11.76,-11.85,79.4,80.5,4.098,4.031,5.972,5.88,332.8,51.55,981.6657,29.63,31.84,264,257.8,-11.43,-10.65
"2025-03-05 08:44:00",5526,12.24,-11.78,-11.86,79.48,80.1,4.438,4.457,5.199,5.096,332.8,3.152,981.6857,29.86,32.1,263.8,257.4,-11.42,-10.65
"2025-03-05 08:45:00",5527,12.23,-11.81,-11.9,79.31,79.91,5.448,5.37,7.825,7.252,332.8,8.13,981.692,30.12,32.42,263.6,256.6,-11.43,-10.65
"2025-03-05 08:46:00",5528,12.24,-11.8,-11.89,79,79.24,4.655,4.611,5.972,5.88,332.8,351.9,981.6691,30.47,32.8,263.7,256.9,-11.42,-10.64
"2025-03-05 08:47:00",5529,12.24,-11.85,-11.95,78.77,79.39,5.281,5.233,7.979,7.644,332.8,348.4,981.6277,30.67,32.99,263.3,256.6,-11.44,-10.64
"2025-03-05 08:48:00",5530,12.24,-11.87,-11.97,79.65,80.9,5.991,5.896,8.91,8.72,333.9,40.04,981.6514,30.92,33.37,263.7,256.8,-11.45,-10.64
"2025-03-05 08:49:00",5531,12.24,-11.82,-11.92,80.5,81.9,2.888,3.105,3.655,3.822,333.9,51.88,981.6743,31.17,33.61,263.8,257,-11.43,-10.63
"2025-03-05 08:50:00",5532,12.23,-11.8,-11.89,80.4,81.1,3.997,3.948,7.31,6.762,333.9,1.754,981.6873,30.78,33.07,263.8,257.6,-11.41,-10.63
"2025-03-05 08:51:00",5533,12.24,-11.75,-11.84,79.84,79.93,3.24,3.045,7.001,6.468,333.9,346.2,981.6774,30.67,32.85,264.2,258.3,-11.37,-10.62
"2025-03-05 08:52:00",5534,12.24,-11.69,-11.77,79.66,80,4.607,4.697,6.795,6.664,333.9,21.8,981.6638,30.68,32.86,264,257.6,-11.33,-10.62
"2025-03-05 08:53:00",5535,12.24,-11.7,-11.78,79.21,79.56,4.353,4.366,5.92,5.88,333.9,0.136,981.6327,30.68,32.96,263.8,256.6,-11.34,-10.62
"2025-03-05 08:54:00",5536,12.24,-11.72,-11.8,79.14,79.5,3.217,3.283,5.148,5.096,333.9,4.988,981.6276,30.42,32.67,263.6,256.3,-11.35,-10.61
"2025-03-05 08:55:00",5537,12.24,-11.74,-11.82,79.33,80.2,3.428,3.325,4.839,4.802,333.9,65.32,981.6345,30.29,32.53,263.5,255.7,-11.35,-10.61
"2025-03-05 08:56:00",5538,12.24,-11.76,-11.83,79.47,80.5,1.904,1.831,3.192,2.94,333.9,56.6,981.6165,30.4,32.63,263.4,255.9,-11.33,-10.6
"2025-03-05 08:57:00",5539,12.24,-11.77,-11.84,79.64,80.3,2.716,2.635,3.81,3.92,333.9,19.33,981.6109,30.46,32.7,263.3,255.9,-11.33,-10.6
"2025-03-05 08:58:00",5540,12.24,-11.76,-11.84,79.37,79.79,3.861,3.928,5.56,5.488,333.9,13.45,981.6055,30.84,33.16,263.3,255.2,-11.33,-10.59
"2025-03-05 08:59:00",5541,12.23,-11.76,-11.84,79.08,79.69,5.283,5.246,6.847,7.252,333.9,0.024,981.5951,31.08,33.44,263.3,254.5,-11.34,-10.59
"2025-03-05 09:00:00",5542,12.24,-11.8,-11.87,79,79.67,4.518,4.572,6.538,6.762,333.8,0.077,981.6451,30.95,33.24,263.1,254.9,-11.37,-10.58
