"TOA5","1481","CR3000","1481","CR3000.Std.32.06","CPU:AWS_MaggieMay_no_sonic_v3.CR3","13840","Res_data_1_min"
"TIMESTAMP","RECORD","BattV","temperature_1","temperature_2","rel_humidity_1","rel_humidity_2","wind_speed_1","wind_speed_2","gust_speed_1","gust_speed_2","wind_direction_1","wind_direction_2","air_pressure","SWup","SWdown","LWup","LWdown","CNR1_T_degC","ground_temperature"
"TS","RN","Volts","degC","degC","%","%","m/s","m/s","m/s","m/s","deg","deg","hPa","W/m^2","W/m^2","W/m^2","W/m^2","degC","degC"
"","","Min","Avg","Avg","Smp","Smp","Avg","Avg","Max","Max","Smp","Smp","Avg","Avg","Avg","Avg","Avg","Avg","Avg"
"2025-03-05 00:01:00",5003,12.24,-13.44,-13.54,77.87,79.38,1.144,0.849,1.75,1.47,246.7,14.24,982.905,0.575,-0.233,253.4,244.5,-13.69,-10.53
"2025-03-05 00:02:00",5004,12.25,-13.45,-13.55,77.81,79.19,1.95,2.061,3.14,3.234,246.7,25.8,982.8759,0.559,-0.18,253.8,245,-13.68,-10.53
"2025-03-05 00:03:00",5005,12.26,-13.48,-13.58,77.85,79.3,1.833,2.104,3.192,2.744,246.7,94.4,982.9138,0.492,-0.176,253.8,244.6,-13.67,-10.53
"2025-03-05 00:04:00",5006,12.26,-13.51,-13.61,78.14,79.69,1.376,1.512,1.956,2.548,246.7,72.15,982.9188,0.389,-0.233,254,245,-13.68,-10.53
"2025-03-05 00:05:00",5007,12.25,-13.51,-13.61,78.25,79.75,1.328,1.676,2.574,2.254,246.7,89.2,982.8912,0.456,-0.163,253.9,245,-13.67,-10.54
"2025-03-05 00:06:00",5008,12.25,-13.52,-13.63,78.43,80.1,1.909,2.267,2.831,3.038,246.7,47.79,982.904,0.424,-0.205,253.9,243,-13.67,-10.54
"2025-03-05 00:07:00",5009,12.26,-13.56,-13.66,78.62,80.3,2.333,2.243,3.089,2.842,246.7,11.5,982.8831,0.365,-0.289,254,242.9,-13.66,-10.54
"2025-03-05 00:08:00",5010,12.25,-13.59,-13.68,79.02,80.6,2.021,1.48,3.243,2.842,243.6,312.8,982.8665,0.34,-0.314,254.2,242.2,-13.66,-10.55
"2025-03-05 00:09:00",5011,12.25,-13.59,-13.69,79.2,80.8,1.56,1.21,2.317,2.352,243.7,0.13,982.8524,0.414,-0.284,253.9,240.3,-13.65,-10.55
"2025-03-05 00:10:00",5012,12.25,-13.59,-13.69,79.24,80.8,1.273,1.057,2.368,2.058,243.7,0.124,982.8948,0.404,-0.408,253.4,240.7,-13.67,-10.55
"2025-03-05 00:11:00",5013,12.26,-13.61,-13.71,79.16,80.8,2.79,2.693,4.324,4.018,243.7,40.83,982.8746,0.308,-0.509,253.3,238.5,-13.68,-10.55
"2025-03-05 00:12:00",5014,12.25,-13.64,-13.74,79.47,81.2,2.982,2.922,3.707,3.528,243.6,45.65,982.8603,0.228,-0.63,252.8,231.8,-13.69,-10.56
"2025-03-05 00:13:00",5015,12.25,-13.65,-13.75,79.51,81.2,2.237,2.631,3.398,3.528,243.7,95.6,982.8779,0.324,-0.681,252.2,231.1,-13.7,-10.56
"2025-03-05 00:14:00",5016,12.25,-13.64,-13.74,79.63,81.2,2.627,3.5,6.229,6.174,243.6,95.5,982.8876,0.262,-0.804,252.2,232.5,-13.72,-10.56
"2025-03-05 00:15:00",5017,12.25,-13.64,-13.73,79.74,81.4,3.453,4.746,5.869,6.664,243.6,57.47,982.8665,0.243,-0.801,252.8,232.5,-13.72,-10.57
"2025-03-05 00:16:00",5018,12.25,-13.64,-13.73,79.75,81.4,3.361,3.484,4.788,4.606,243.6,83.2,982.84,0.332,-0.705,252.8,233.9,-13.72,-10.57
"2025-03-05 00:17:00",5019,12.25,-13.64,-13.73,79.73,81.3,3.205,4.526,7.156,6.37,243.7,102.6,982.8948,0.327,-0.677,253,235.1,-13.73,-10.57
"2025-03-05 00:18:00",5020,12.25,-13.63,-13.72,79.88,81.4,4.422,4.872,6.692,5.978,243.7,91.2,982.8734,0.277,-0.629,253.6,236.5,-13.72,-10.57
"2025-03-05 00:19:00",5021,12.25,-13.6,-13.69,79.84,81.3,3.804,4.333,5.251,6.272,243.4,72.77,982.8758,0.353,-0.528,253.4,235.2,-13.71,-10.58
"2025-03-05 00:20:00",5022,12.25,-13.57,-13.66,79.74,81,2.223,2.478,4.118,4.802,243.6,52.5,982.849,0.514,-0.438,253.6,236.3,-13.67,-10.58
"2025-03-05 00:21:00",5023,12.25,-13.55,-13.65,79.35,80.5,2.395,2.804,4.479,4.41,243.7,88.9,982.8616,0.578,-0.361,253.3,237.3,-13.67,-10.58
"2025-03-05 00:22:00",5024,12.25,-13.54,-13.63,79.22,80.3,2.679,3.588,4.067,4.9,243.6,57.1,982.89,0.553,-0.376,253.5,235.8,-13.65,-10.58
"2025-03-05 00:23:00",5025,12.25,-13.54,-13.63,79.04,80.3,2.448,2.84,3.912,4.508,243.6,61.49,982.8674,0.54,-0.44,253,232.6,-13.65,-10.59
"2025-03-05 00:24:00",5026,12.25,-13.55,-13.64,78.97,80.3,2.178,2.055,3.552,3.822,243.7,16.88,982.8467,0.538,-0.609,252.1,228.2,-13.66,-10.59
"2025-03-05 00:25:00",5027,12.25,-13.57,-13.66,79.11,80.6,2.952,2.809,4.53,4.606,243.7,28.63,982.8503,0.43,-0.859,251.4,224.2,-13.68,-10.59
"2025-03-05 00:26:00",5028,12.25,-13.59,-13.68,79.4,81,2.269,2.123,2.831,2.94,243.6,17.45,982.8563,0.382,-1.016,251,225.2,-13.7,-10.59
"2025-03-05 00:27:00",5029,12.25,-13.61,-13.7,79.56,81.2,1.58,1.383,2.317,2.254,243.6,25.52,982.8431,0.329,-1.102,250.7,230.6,-13.74,-10.6
"2025-03-05 00:28:00",5030,12.25,-13.62,-13.7,79.62,81.1,2.117,1.898,2.78,2.548,243.6,0.071,982.7999,0.19,-1.166,250.6,228.4,-13.77,-10.59
"2025-03-05 00:29:00",5031,12.25,-13.64,-13.72,79.6,81.1,1.555,1.331,2.214,2.254,243.7,84.4,982.8275,0.158,-1.242,249.7,221.5,-13.8,-10.6
"2025-03-05 00:30:00",5032,12.25,-13.67,-13.75,79.82,81.5,2.115,2.858,3.861,4.606,262.8,67.86,982.8192,0.143,-1.377,249.6,219.9,-13.83,-10.6
