"TOA5","1481","CR3000","1481","CR3000.Std.32.06","CPU:AWS_MaggieMay_no_sonic_v3.CR3","13840","Res_data_1_min"
"TIMESTAMP","RECORD","BattV","temperature_1","temperature_2","rel_humidity_1","rel_humidity_2","wind_speed_1","wind_speed_2","gust_speed_1","gust_speed_2","wind_direction_1","wind_direction_2","air_pressure","SWup","SWdown","LWup","LWdown","CNR1_T_degC","ground_temperature"
"TS","RN","Volts","degC","degC","%","%","m/s","m/s","m/s","m/s","deg","deg","hPa","W/m^2","W/m^2","W/m^2","W/m^2","degC","degC"
"","","Min","Avg","Avg","Smp","Smp","Avg","Avg","Max","Max","Smp","Smp","Avg","Avg","Avg","Avg","Avg","Avg","Avg"
"2025-03-05 06:01:00",5363,12.23,-12.65,-12.68,76.69,78.04,1.731,2.055,3.655,3.92,226.3,54.86,981.9628,1.063,-0.321,252.2,229.3,-13.05,-11.12
"2025-03-05 06:02:00",5364,12.23,-12.63,-12.67,76.92,78.22,3.362,3.394,5.869,5.978,226.3,56.74,981.9249,1.025,-0.273,253.3,236.6,-13.03,-11.12
"2025-03-05 06:03:00",5365,12.23,-12.57,-12.63,76.6,77.67,2.551,2.499,5.251,5.39,226.3,59.79,981.9334,1.437,0.384,254.9,240,-12.95,-11.13
"2025-03-05 06:04:00",5366,12.23,-12.55,-12.61,76.82,78.29,2.706,3.869,3.604,5.194,232.9,78.43,981.8859,1.428,0.524,255.1,239.3,-12.92,-11.12
"2025-03-05 06:05:00",5367,12.23,-12.46,-12.51,76.81,77.78,3.439,4.044,4.942,5.096,232.9,49.68,981.9076,1.616,0.699,255.5,237.1,-12.86,-11.12
"2025-03-05 06:06:00",5368,12.23,-12.37,-12.43,76.17,77.09,2.565,2.582,3.655,4.018,232.9,58.95,981.8837,1.888,0.938,255.2,236.9,-12.8,-11.13
"2025-03-05 06:07:00",5369,12.23,-12.39,-12.45,75.99,77.28,3.162,3.616,4.221,4.998,232.9,68.69,981.8547,1.781,0.859,255.3,237.6,-12.79,-11.13
"2025-03-05 06:08:00",5370,12.23,-12.46,-12.5,76.12,77.29,3.363,3.716,4.221,4.312,232.9,45.11,981.889,1.571,0.725,255.1,237.3,-12.8,-11.13
"2025-03-05 06:09:00",5371,12.23,-12.58,-12.6,76.42,77.99,3.157,3.276,4.015,4.018,232.9,56.97,981.9119,1.295,0.499,254.8,235.7,-12.83,-11.13
"2025-03-05 06:10:00",5372,12.23,-12.59,-12.64,77.11,78.5,2.7,2.929,3.861,3.724,232.9,60.96,981.8674,1.333,0.472,254.8,234.7,-12.82,-11.13
"2025-03-05 06:11:00",5373,12.23,-12.57,-12.63,76.97,78.43,2.187,2.922,3.295,3.626,232.9,60.5,981.8447,1.447,0.51,254.1,230.9,-12.82,-11.13
"2025-03-05 06:12:00",5374,12.23,-12.6,-12.64,76.82,78.32,2.736,2.917,4.067,4.116,232.9,58.09,981.8864,1.485,0.416,253.4,226.9,-12.84,-11.13
"2025-03-05 06:13:00",5375,12.23,-12.65,-12.68,77.1,78.72,3.025,4.263,4.17,5.096,232.9,83.2,981.8535,1.338,0.181,253.8,226.6,-12.85,-11.13
"2025-03-05 06:14:00",5376,12.23,-12.67,-12.69,77.8,79.4,3.093,5.161,4.118,6.566,232.9,78.54,981.8593,1.375,0.196,253.9,223.8,-12.87,-11.13
"2025-03-05 06:15:00",5377,12.23,-12.64,-12.67,77.63,79.01,2.503,3.291,3.912,3.92,232.9,72.4,981.866,1.639,0.366,253,223.5,-12.86,-11.13
"2025-03-05 06:16:00",5378,12.23,-12.65,-12.69,77.9,79.26,2.263,3.185,3.81,4.9,236.4,95.7,981.8439,1.43,0.12,253.1,227.8,-12.89,-11.12
"2025-03-05 06:17:00",5379,12.23,-12.67,-12.73,77.33,78.9,4.062,3.958,5.199,4.606,237.5,104,981.8718,1.696,0.438,253.2,231.6,-12.9,-11.12
"2025-03-05 06:18:00",5380,12.23,-12.75,-12.78,77.67,79.28,4.117,4.361,5.405,6.37,241,107.3,981.8528,1.392,0.402,254.3,239.2,-12.92,-11.12
"2025-03-05 06:19:00",5381,12.23,-12.73,-12.76,78.26,79.67,4.78,4.874,8.19,7.154,241,89.7,981.8569,1.514,0.752,255.6,236.9,-12.9,-11.12
"2025-03-05 06:20:00",5382,12.23,-12.7,-12.74,78.25,79.7,3.734,5.243,6.384,6.272,241.9,58.99,981.869,1.825,0.985,254.7,226.8,-12.89,-11.12
"2025-03-05 06:21:00",5383,12.23,-12.68,-12.73,78.22,79.7,4.755,5.365,7.876,7.546,246.2,87.5,981.8444,1.788,0.747,254.6,224.3,-12.88,-11.12
"2025-03-05 06:22:00",5384,12.23,-12.65,-12.71,78.04,79.54,6.716,6.373,8.29,7.644,247.9,103.2,981.8417,2.024,0.89,255.3,224.6,-12.85,-11.11
"2025-03-05 06:23:00",5385,12.23,-12.6,-12.66,78,79.13,4.934,5.967,7.104,7.154,253.6,87.2,981.8343,2.071,0.957,255.2,225,-12.82,-11.11
"2025-03-05 06:24:00",5386,12.23,-12.55,-12.6,77.54,78.69,4.13,5.983,6.692,7.154,255.9,99.2,981.8248,2.195,1.028,255.1,224.3,-12.8,-11.11
"2025-03-05 06:25:00",5387,12.23,-12.51,-12.56,77.48,78.59,5.652,6.911,9.58,8.62,255.8,83.1,981.8175,2.202,1.024,255.6,224.6,-12.77,-11.11
"2025-03-05 06:26:00",5388,12.23,-12.47,-12.51,76.99,78.08,3.809,6.061,6.435,6.86,255.8,84.1,981.8259,2.417,1.221,255,223.1,-12.75,-11.11
"2025-03-05 06:27:00",5389,12.23,-12.52,-12.55,76.58,78.14,4.311,6.411,9.63,8.43,256.8,86.1,981.902,2.326,1.134,254.6,224.1,-12.76,-11.11
"2025-03-05 06:28:00",5390,12.23,-12.52,-12.53,76.74,77.44,4.594,5.481,7.671,7.35,256.7,48.07,981.8495,2.173,1.002,255.7,228.2,-12.74,-11.11
"2025-03-05 06:29:00",5391,12.23,-12.41,-12.46,75.92,76.93,3.308,4.67,5.405,6.272,258.6,91.6,981.8633,2.8,1.688,255.6,229.5,-12.67,-11.11
"2025-03-05 06:30:00",5392,12.23,-12.43,-12.49,76.14,77.45,3.891,4.635,6.95,5.684,258.6,67.03,981.8148,2.682,1.624,255.4,229.1,-12.67,-11.11
