"TOA5","1481","CR3000","1481","CR3000.Std.32.06","CPU:AWS_MaggieMay_no_sonic_v3.CR3","13840","Res_data_1_min"
"TIMESTAMP","RECORD","BattV","temperature_1","temperature_2","rel_humidity_1","rel_humidity_2","wind_speed_1","wind_speed_2","gust_speed_1","gust_speed_2","wind_direction_1","wind_direction_2","air_pressure","SWup","SWdown","LWup","LWdown","CNR1_T_degC","ground_temperature"
"TS","RN","Volts","degC","degC","%","%","m/s","m/s","m/s","m/s","deg","deg","hPa","W/m^2","W/m^2","W/m^2","W/m^2","degC","degC"
"","","Min","Avg","Avg","Smp","Smp","Avg","Avg","Max","Max","Smp","Smp","Avg","Avg","Avg","Avg","Avg","Avg","Avg"
"2025-03-02 03:31:00",893,12.22,-5.582,-5.653,89.6,88.5,2.149,2.734,3.707,4.116,221.2,80.2,984.3504,0.037,-0.135,290.4,287.3,-5.314,-5.378
"2025-03-02 03:32:00",894,12.22,-5.577,-5.644,89.7,88.5,2.195,3.257,2.986,4.214,221.2,85.1,984.3082,0.077,-0.099,290.4,286.8,-5.315,-5.377
"2025-03-02 03:33:00",895,12.22,-5.578,-5.649,89.7,88.5,2.059,3.293,2.728,4.018,221.1,69.37,984.3082,0.061,-0.134,290.2,286.3,-5.321,-5.377
"2025-03-02 03:34:00",896,12.22,-5.6,-5.666,89.7,88.7,2.611,2.742,3.501,4.018,220.9,55.57,984.3098,-0.003,-0.219,290.2,286.4,-5.332,-5.378
"2025-03-02 03:35:00",897,12.22,-5.621,-5.693,89.7,88.9,2.105,2.205,2.934,2.744,221.2,61.18,984.3409,-0.089,-0.31,290,286.3,-5.351,-5.378
"2025-03-02 03:36:00",898,12.22,-5.634,-5.712,89.7,89.1,1.598,1.553,2.214,2.058,221.1,65.41,984.3148,-0.158,-0.373,289.9,286.2,-5.364,-5.377
"2025-03-02 03:37:00",899,12.22,-5.647,-5.724,89.8,89.2,1.937,1.921,2.471,2.45,221,41.91,984.3121,-0.154,-0.381,289.8,285.7,-5.381,-5.377
"2025-03-02 03:38:00",900,12.22,-5.65,-5.726,89.8,89.3,1.977,1.929,2.471,2.45,221.1,44.8,984.2998,-0.13,-0.374,289.7,285.3,-5.393,-5.376
"2025-03-02 03:39:00",901,12.22,-5.657,-5.729,89.9,89.3,2.054,2.011,2.986,2.94,221.1,44.39,984.2838,-0.166,-0.435,289.7,285.4,-5.402,-5.376
"2025-03-02 03:40:00",902,12.22,-5.628,-5.676,89.9,89,2.618,2.847,4.015,3.92,221.1,51.59,984.3176,0.14,-0.153,289.9,285.3,-5.38,-5.376
"2025-03-02 03:41:00",903,12.22,-5.618,-5.648,89.9,88.8,2.031,2.182,2.883,3.136,221.2,63.88,984.3649,0.053,-0.229,289.6,285,-5.398,-5.375
"2025-03-02 03:42:00",904,12.22,-5.637,-5.673,89.8,88.7,2.268,2.298,2.883,2.94,221.2,61.21,984.3249,0.046,-0.229,289.4,284.6,-5.408,-5.375
"2025-03-02 03:43:00",905,12.22,-5.667,-5.71,89.8,88.7,3.366,3.58,4.376,4.41,221.2,68.42,984.3226,-0.152,-0.43,289.6,284.7,-5.434,-5.375
"2025-03-02 03:44:00",906,12.22,-5.642,-5.679,89.8,88.4,4.491,4.693,7.413,7.154,224.3,65.1,984.2971,0.006,-0.267,290,284.9,-5.415,-5.374
"2025-03-02 03:45:00",907,12.22,-5.599,-5.617,89.8,88,4.01,4.023,8.39,8.33,224.3,354.5,984.2765,0.164,-0.128,289.9,284.7,-5.396,-5.372
"2025-03-02 03:46:00",908,12.22,-5.533,-5.521,89.6,86.5,5.123,5.134,6.795,6.762,225.1,55.05,984.3087,0.271,-0.046,290.8,285.7,-5.324,-5.371
"2025-03-02 03:47:00",909,12.22,-5.423,-5.392,89.4,85.3,3.654,3.796,6.384,5.39,225.9,143.4,984.3021,0.693,0.41,290.6,286,-5.257,-5.368
"2025-03-02 03:48:00",910,12.22,-5.342,-5.316,89.1,84.5,2.472,3.19,4.942,5.488,225.6,60.04,984.2504,0.756,0.521,290.3,285.9,-5.231,-5.364
"2025-03-02 03:49:00",911,12.22,-5.322,-5.291,88.7,84.1,3.157,3.366,4.582,4.41,225.7,48.51,984.2443,0.665,0.392,290.5,286,-5.195,-5.366
"2025-03-02 03:50:00",912,12.22,-5.32,-5.286,88.4,83.9,4.378,4.384,5.972,5.782,225.7,24.62,984.2318,0.598,0.322,290.3,286,-5.178,-5.365
"2025-03-02 03:51:00",913,12.22,-5.313,-5.277,88,83.4,4.923,4.982,5.56,5.684,225.6,14.13,984.232,0.386,0.143,290.7,286.8,-5.143,-5.362
"2025-03-02 03:52:00",914,12.22,-5.281,-5.237,87.7,82.9,6.923,6.888,12.2,11.07,223.7,346.5,984.2172,0.355,0.144,291,286.9,-5.109,-5.361
"2025-03-02 03:53:00",915,12.22,-5.261,-5.219,87.3,82.6,5.458,5.46,7.053,6.86,223.7,12.57,984.2007,0.43,0.252,290.9,286.9,-5.07,-5.361
"2025-03-02 03:54:00",916,12.22,-5.271,-5.232,87,82.7,4.656,4.59,6.384,6.076,223.7,51.61,984.192,0.31,0.119,290.6,286.6,-5.072,-5.362
"2025-03-02 03:55:00",917,12.22,-5.276,-5.252,86.8,82.9,3.884,3.892,5.611,6.076,223.7,5.084,984.2218,0.211,0.029,290.6,286.4,-5.069,-5.359
"2025-03-02 03:56:00",918,12.22,-5.282,-5.266,86.7,83,4.976,5.055,6.744,6.762,223.7,33.57,984.1967,0.226,0.03,290.4,285.6,-5.068,-5.36
"2025-03-02 03:57:00",919,12.22,-5.285,-5.267,86.5,82.5,5.655,5.645,7.207,7.35,223.7,44.59,984.1766,0.073,-0.124,290.7,285.3,-5.06,-5.36
"2025-03-02 03:58:00",920,12.22,-5.254,-5.244,86.4,82.5,3.039,3.448,4.427,4.41,223.7,49.25,984.2101,0.274,0.056,290.4,285.1,-5.047,-5.359
"2025-03-02 03:59:00",921,12.22,-5.268,-5.267,86.4,82.9,2.729,2.811,3.501,3.92,223.7,53.71,984.241,0.162,-0.066,290.1,284.8,-5.058,-5.359
"2025-03-02 04:00:00",922,12.22,-5.301,-5.302,86.4,83.2,3.738,3.714,4.736,4.802,223.7,42.94,984.1906,0.016,-0.215,290,284.8,-5.082,-5.357
