"TOA5","1481","CR3000","1481","CR3000.Std.32.06","CPU:AWS_MaggieMay_no_sonic_v3.CR3","13840","Res_data_1_min"
"TIMESTAMP","RECORD","BattV","temperature_1","temperature_2","rel_humidity_1","rel_humidity_2","wind_speed_1","wind_speed_2","gust_speed_1","gust_speed_2","wind_direction_1","wind_direction_2","air_pressure","SWup","SWdown","LWup","LWdown","CNR1_T_degC","ground_temperature"
"TS","RN","Volts","degC","degC","%","%","m/s","m/s","m/s","m/s","deg","deg","hPa","W/m^2","W/m^2","W/m^2","W/m^2","degC","degC"
"","","Min","Avg","Avg","Smp","Smp","Avg","Avg","Max","Max","Smp","Smp","Avg","Avg","Avg","Avg","Avg","Avg","Avg"
"2025-03-02 00:31:00",713,12.23,-5.674,-5.76,89.6,88.9,6.382,7.303,8.39,9.11,93.7,70.85,984.6986,-0.085,-0.288,290.1,284.8,-5.463,-5.203
"2025-03-02 00:32:00",714,12.23,-5.704,-5.8,89.6,89.2,6.249,6.978,7.773,8.23,92.7,53.81,984.6873,-0.077,-0.293,289.9,284.1,-5.484,-5.204
"2025-03-02 00:33:00",715,12.23,-5.754,-5.852,89.7,89.5,6.154,6.59,7.413,7.448,90.7,64.46,984.7168,-0.21,-0.41,289.8,283.7,-5.526,-5.204
"2025-03-02 00:34:00",716,12.23,-5.797,-5.902,89.9,89.8,5.181,5.503,6.95,7.448,84.1,55.54,984.7706,-0.221,-0.43,289.6,283.5,-5.554,-5.206
"2025-03-02 00:35:00",717,12.23,-5.835,-5.943,90,90.1,5.2,5.555,6.075,6.762,85.8,45.33,984.6881,-0.254,-0.482,289.5,283.4,-5.587,-5.207
"2025-03-02 00:36:00",718,12.23,-5.862,-5.971,90.1,90.4,6.024,6.432,8.49,8.92,89.5,67.66,984.7237,-0.312,-0.555,289.6,283.5,-5.614,-5.207
"2025-03-02 00:37:00",719,12.23,-5.847,-5.96,90.3,90.5,6.848,7.28,8.19,8.53,88.7,63.91,984.6743,-0.121,-0.367,289.8,283.7,-5.607,-5.206
"2025-03-02 00:38:00",720,12.23,-5.845,-5.954,90.3,90.6,6.299,6.968,7.671,7.938,87.5,68.25,984.6589,-0.081,-0.315,289.6,283.3,-5.627,-5.208
"2025-03-02 00:39:00",721,12.23,-5.84,-5.954,90.4,90.6,6.305,6.891,8.34,8.72,82.9,47.13,984.7148,-0.024,-0.302,289.6,282.6,-5.628,-5.21
"2025-03-02 00:40:00",722,12.23,-5.853,-5.965,90.4,90.6,7.224,7.508,8.75,9.11,81.9,57.45,984.633,-0.028,-0.293,289.4,281.1,-5.646,-5.211
"2025-03-02 00:41:00",723,12.23,-5.886,-6.001,90.4,90.7,6.625,7.072,7.619,8.04,88.7,64.93,984.6086,-0.076,-0.355,288.9,278.8,-5.683,-5.211
"2025-03-02 00:42:00",724,12.23,-5.93,-6.05,90.5,90.8,7.026,7.363,8.44,9.02,80.6,62.5,984.6227,-0.158,-0.478,288.7,277.7,-5.731,-5.212
"2025-03-02 00:43:00",725,12.23,-5.957,-6.075,90.5,90.9,7.383,8,9.11,9.31,87.5,55,984.5997,-0.18,-0.517,288.8,278.3,-5.755,-5.21
"2025-03-02 00:44:00",726,12.23,-5.98,-6.092,90.5,91,6.825,7.097,8.34,8.62,83.2,60.87,984.6221,-0.076,-0.418,288.6,277.8,-5.772,-5.21
"2025-03-02 00:45:00",727,12.23,-5.998,-6.115,90.6,91,6.61,7.949,9.68,10.78,87.6,72.61,984.621,-0.142,-0.483,288.6,277.4,-5.8,-5.211
"2025-03-02 00:46:00",728,12.23,-5.995,-6.113,90.7,91.1,7.203,8.13,9.21,10.19,81.8,64.36,984.6087,-0.018,-0.377,288.6,276.3,-5.809,-5.213
"2025-03-02 00:47:00",729,12.23,-6.002,-6.12,90.7,91.1,6.976,8.17,8.85,9.6,84.6,69.96,984.6246,-0.014,-0.406,288.2,273.3,-5.83,-5.217
"2025-03-02 00:48:00",730,12.23,-6.016,-6.132,90.7,91.1,6.971,8.98,10.3,11.27,83,72.51,984.6438,-0.067,-0.51,288.2,273.2,-5.855,-5.218
"2025-03-02 00:49:00",731,12.23,-6.014,-6.122,90.7,91.1,7.364,8.79,9.06,10,82.3,66.24,984.6129,-0.009,-0.465,288.3,273.5,-5.869,-5.22
"2025-03-02 00:50:00",732,12.23,-6.019,-6.122,90.7,90.9,5.824,8.74,7.928,10.49,87.7,76.25,984.637,0.071,-0.42,288,270.9,-5.873,-5.22
"2025-03-02 00:51:00",733,12.23,-6.025,-6.128,90.6,90.9,6.716,8.68,8.03,9.9,84,62.53,984.6208,0.058,-0.475,287.7,269,-5.889,-5.22
"2025-03-02 00:52:00",734,12.23,-6.03,-6.132,90.6,90.8,6.806,8.42,9.73,9.8,88.7,73,984.5847,0.015,-0.542,287.6,266.9,-5.91,-5.22
"2025-03-02 00:53:00",735,12.23,-6.022,-6.113,90.6,90.7,6.667,10.21,10.4,12.54,97.9,78.51,984.5914,0.034,-0.637,287.7,261.7,-5.907,-5.224
"2025-03-02 00:54:00",736,12.23,-5.993,-6.058,90.6,90.3,6.123,9.71,8.19,11.66,97.9,72.84,984.6146,0.229,-0.627,287.6,264.5,-5.894,-5.226
"2025-03-02 00:55:00",737,12.23,-5.964,-6.022,90.5,90.1,6.792,9.85,10.19,11.76,104.8,75.3,984.6217,0.187,-0.575,288.4,276.9,-5.88,-5.227
"2025-03-02 00:56:00",738,12.23,-5.941,-6.006,90.5,90,7.017,9.51,9.58,10.88,111.1,62.95,984.672,0.196,-0.358,288.8,277.7,-5.842,-5.23
"2025-03-02 00:57:00",739,12.23,-5.925,-5.992,90.4,89.9,5.879,9.03,8.19,11.17,126.5,76.91,984.6495,0.211,-0.293,288.9,276.8,-5.819,-5.23
"2025-03-02 00:58:00",740,12.23,-5.912,-5.982,90.4,89.7,6.275,8.62,8.55,9.8,127.4,76.98,984.688,0.326,-0.198,288.6,275.7,-5.8,-5.233
"2025-03-02 00:59:00",741,12.23,-5.91,-5.98,90.3,89.6,6.78,9.58,8.85,11.56,131.4,74.74,984.6082,0.254,-0.255,288.7,278.1,-5.795,-5.235
"2025-03-02 01:00:00",742,12.23,-5.927,-6.001,90.2,89.5,6.804,10.1,9.99,12.25,140.3,71.36,984.6722,0.18,-0.25,288.8,278.4,-5.796,-5.24
