"TOA5","1481","CR3000","1481","CR3000.Std.32.06","CPU:AWS_MaggieMay_no_sonic_v3.CR3","13840","Res_data_1_min"
"TIMESTAMP","RECORD","BattV","temperature_1","temperature_2","rel_humidity_1","rel_humidity_2","wind_speed_1","wind_speed_2","gust_speed_1","gust_speed_2","wind_direction_1","wind_direction_2","air_pressure","SWup","SWdown","LWup","LWdown","CNR1_T_degC","ground_temperature"
"TS","RN","Volts","degC","degC","%","%","m/s","m/s","m/s","m/s","deg","deg","hPa","W/m^2","W/m^2","W/m^2","W/m^2","degC","degC"
"","","Min","Avg","Avg","Smp","Smp","Avg","Avg","Max","Max","Smp","Smp","Avg","Avg","Avg","Avg","Avg","Avg","Avg"
"2025-03-01 23:31:00",653,12.24,-5.512,-5.588,90.7,90.5,6.851,7.094,7.825,7.742,82.5,59.68,984.8965,0.106,-0.109,291,286.4,-5.327,-5.173
"2025-03-01 23:32:00",654,12.24,-5.503,-5.576,90.7,90.4,7.001,7.463,8.29,8.62,81.4,58.5,984.8952,0.068,-0.157,291.1,286.3,-5.322,-5.174
"2025-03-01 23:33:00",655,12.24,-5.489,-5.56,90.6,90.3,7.286,7.66,8.24,8.53,81.3,60.48,984.8688,0.129,-0.102,291.2,286.4,-5.309,-5.174
"2025-03-01 23:34:00",656,12.24,-5.479,-5.544,90.6,90.2,7.061,7.33,8.13,8.72,77.16,50.39,984.9189,0.133,-0.087,291.2,286.6,-5.304,-5.173
"2025-03-01 23:35:00",657,12.24,-5.477,-5.538,90.6,90.1,6.908,7.196,8.13,8.33,71.99,55.98,984.8655,0.162,-0.083,291.1,286.5,-5.294,-5.175
"2025-03-01 23:36:00",658,12.24,-5.486,-5.553,90.5,90,6.602,6.916,7.619,7.84,71.99,57.91,984.8893,0.082,-0.101,291,286.4,-5.305,-5.175
"2025-03-01 23:37:00",659,12.24,-5.503,-5.571,90.5,90.1,6.161,6.677,7.207,7.546,77.35,65.18,984.8798,-0.009,-0.235,291.1,286.7,-5.306,-5.176
"2025-03-01 23:38:00",660,12.23,-5.492,-5.556,90.5,90,5.979,6.373,7.156,7.546,77.31,54.86,984.9046,0.144,-0.078,291.1,286.7,-5.288,-5.176
"2025-03-01 23:39:00",661,12.24,-5.499,-5.561,90.5,89.9,6.076,6.295,7.156,7.154,82.9,52.72,984.9283,0.1,-0.105,290.9,286.2,-5.302,-5.175
"2025-03-01 23:40:00",662,12.24,-5.515,-5.581,90.4,89.9,6.166,6.455,7.001,7.35,83.1,64.72,984.8784,0.024,-0.183,290.9,285.8,-5.306,-5.179
"2025-03-01 23:41:00",663,12.24,-5.508,-5.576,90.4,89.9,5.418,5.816,6.075,6.566,83.1,64.27,984.8537,0.039,-0.183,290.8,286.1,-5.312,-5.18
"2025-03-01 23:42:00",664,12.24,-5.512,-5.576,90.4,89.9,4.851,5.179,5.766,5.978,83,55.42,984.8583,0.046,-0.18,290.8,286.3,-5.316,-5.182
"2025-03-01 23:43:00",665,12.23,-5.518,-5.581,90.4,89.8,5.031,5.256,5.817,5.782,83,49.42,984.8232,0.046,-0.182,290.7,286,-5.325,-5.182
"2025-03-01 23:44:00",666,12.23,-5.516,-5.579,90.4,89.8,4.637,4.874,5.302,5.39,83,55,984.8285,0.047,-0.174,290.7,286,-5.325,-5.182
"2025-03-01 23:45:00",667,12.24,-5.519,-5.582,90.4,89.7,4.577,4.882,5.457,5.586,83,68.11,984.8264,0.015,-0.212,290.7,286.1,-5.326,-5.181
"2025-03-01 23:46:00",668,12.23,-5.518,-5.581,90.3,89.7,4.529,4.954,6.384,6.076,83.1,62.47,984.8557,-0.014,-0.24,290.8,286.2,-5.33,-5.181
"2025-03-01 23:47:00",669,12.24,-5.482,-5.547,90.4,89.6,4.936,5.442,6.486,6.762,83,60.84,984.8094,0.085,-0.129,291.1,286.6,-5.31,-5.182
"2025-03-01 23:48:00",670,12.24,-5.437,-5.49,90.3,89.3,3.901,5.179,5.251,6.174,83.1,74.02,984.8881,0.305,0.077,291,286.5,-5.28,-5.182
"2025-03-01 23:49:00",671,12.24,-5.428,-5.486,90.2,89.1,3.977,5.31,5.148,6.566,83.1,76.93,984.8586,0.21,-0.01,290.9,286.5,-5.277,-5.182
"2025-03-01 23:50:00",672,12.23,-5.419,-5.472,90.2,88.9,3.336,5.749,3.964,6.762,83,87.8,984.8248,0.142,-0.071,291,286.7,-5.262,-5.181
"2025-03-01 23:51:00",673,12.24,-5.4,-5.451,90.1,88.6,3.865,6.672,6.023,8.13,83.1,70.68,984.8244,0.214,-0.01,291,286.2,-5.254,-5.181
"2025-03-01 23:52:00",674,12.24,-5.395,-5.447,90,88.5,3.933,6.025,5.302,6.762,83,64.79,984.8077,0.168,-0.052,291,286.3,-5.247,-5.184
"2025-03-01 23:53:00",675,12.24,-5.397,-5.449,90,88.4,4.023,7.012,5.972,7.84,84.1,83.5,984.8297,0.115,-0.096,291,286,-5.245,-5.185
"2025-03-01 23:54:00",676,12.23,-5.398,-5.452,89.9,88.4,5.175,6.914,6.486,7.938,83.6,81.3,984.7866,0.085,-0.111,291,286,-5.24,-5.186
"2025-03-01 23:55:00",677,12.23,-5.401,-5.455,89.8,88.3,3.751,6.594,5.508,7.252,83.6,72.81,984.8096,0.094,-0.106,291,285.9,-5.24,-5.188
"2025-03-01 23:56:00",678,12.23,-5.417,-5.477,89.8,88.3,5.824,6.69,6.795,7.644,84.1,67.94,984.8074,0.083,-0.126,290.8,285.6,-5.247,-5.188
"2025-03-01 23:57:00",679,12.23,-5.434,-5.505,89.8,88.5,6.301,7.152,7.104,8.04,84.1,68.18,984.8006,-0.015,-0.207,290.9,285.6,-5.258,-5.19
"2025-03-01 23:58:00",680,12.24,-5.448,-5.522,89.7,88.6,5.997,6.786,7.156,7.448,84.8,66.41,984.8195,0.018,-0.197,290.8,285.5,-5.267,-5.189
"2025-03-01 23:59:00",681,12.24,-5.48,-5.553,89.8,88.8,6.1,6.661,7.207,7.35,84.7,58.74,984.8191,-0.063,-0.244,290.7,285.3,-5.283,-5.19
"2025-03-02 00:00:00",682,12.24,-5.508,-5.587,89.8,88.9,5.847,6.488,6.795,7.252,84.8,64.11,984.8093,-0.081,-0.297,290.6,285.2,-5.308,-5.19
