"TOA5","1481","CR3000","1481","CR3000.Std.32.06","CPU:AWS_MaggieMay_no_sonic_v3.CR3","13840","Res_data_1_min"
"TIMESTAMP","RECORD","BattV","temperature_1","temperature_2","rel_humidity_1","rel_humidity_2","wind_speed_1","wind_speed_2","gust_speed_1","gust_speed_2","wind_direction_1","wind_direction_2","air_pressure","SWup","SWdown","LWup","LWdown","CNR1_T_degC","ground_temperature"
"TS","RN","Volts","degC","degC","%","%","m/s","m/s","m/s","m/s","deg","deg","hPa","W/m^2","W/m^2","W/m^2","W/m^2","degC","degC"
"","","Min","Avg","Avg","Smp","Smp","Avg","Avg","Max","Max","Smp","Smp","Avg","Avg","Avg","Avg","Avg","Avg","Avg"
"2025-03-02 08:01:00",1163,12.2,-4.753,-4.871,88.5,88.8,2.924,4.758,5.148,5.782,214.5,81,983.9924,11.69,12.5,291.8,276.9,-4.556,-5.328
"2025-03-02 08:02:00",1164,12.2,-4.784,-4.898,88.5,88.9,2.939,5.058,3.912,5.782,214.5,82.7,983.996,11.53,12.17,291.3,274.9,-4.591,-5.327
"2025-03-02 08:03:00",1165,12.2,-4.823,-4.934,88.7,89.1,3.333,5.534,5.251,7.056,214.5,96.1,983.984,11.79,12.41,291.7,279.9,-4.631,-5.325
"2025-03-02 08:04:00",1166,12.2,-4.835,-4.946,88.8,89.3,3.105,5.274,4.376,6.468,214.5,80.7,983.9794,12.36,13.07,292.2,283.6,-4.634,-5.322
"2025-03-02 08:05:00",1167,12.2,-4.831,-4.94,88.9,89.4,3.491,6.084,4.582,6.958,214.5,76.21,983.9815,12.84,13.73,292.7,285.6,-4.636,-5.319
"2025-03-02 08:06:00",1168,12.2,-4.818,-4.924,89,89.4,4.417,5.824,6.486,6.664,214.5,99.1,983.9836,13.47,14.48,293.2,288,-4.625,-5.314
"2025-03-02 08:07:00",1169,12.2,-4.797,-4.906,89.1,89.4,4.771,5.772,7.465,7.056,214.5,93.4,984.012,13.88,14.91,293.3,289,-4.601,-5.313
"2025-03-02 08:08:00",1170,12.2,-4.793,-4.903,89.1,89.3,6.288,6.437,7.619,7.35,214.5,95.7,984.0076,14.04,15.11,293.6,290,-4.587,-5.311
"2025-03-02 08:09:00",1171,12.2,-4.774,-4.886,89.1,89.3,5.539,6.202,7.465,7.35,214.5,96.6,983.9845,14.27,15.39,293.8,290.1,-4.575,-5.309
"2025-03-02 08:10:00",1172,12.2,-4.767,-4.886,89.1,89.2,5.719,5.646,6.847,6.566,214.5,86.1,983.9836,14.73,15.96,293.6,289.5,-4.569,-5.305
"2025-03-02 08:11:00",1173,12.2,-4.776,-4.898,89.1,89.2,4.12,5.109,7.104,6.958,214.5,85.2,983.999,14.84,16.17,293.4,288.2,-4.568,-5.302
"2025-03-02 08:12:00",1174,12.2,-4.782,-4.896,89.1,89.3,3.501,5.563,5.972,6.664,214.5,81.4,983.9816,14.92,16.22,293.5,288.5,-4.558,-5.3
"2025-03-02 08:13:00",1175,12.2,-4.783,-4.901,89.1,89.3,3.258,5.393,4.273,6.272,214.5,83.8,983.9737,15.03,16.27,293.4,288.7,-4.561,-5.295
"2025-03-02 08:14:00",1176,12.2,-4.792,-4.914,89.1,89.2,2.851,4.743,4.479,5.88,214.5,70.58,984.0214,15.02,16.22,293.4,289.6,-4.564,-5.294
"2025-03-02 08:15:00",1177,12.2,-4.816,-4.938,89,89.2,2.915,5.047,4.015,5.586,214.5,89.4,984.0285,14.71,15.88,293.3,289.1,-4.571,-5.292
"2025-03-02 08:16:00",1178,12.2,-4.84,-4.96,89.1,89.3,3.435,5.455,5.302,6.174,214.5,92.1,984.0051,15,16.17,293.3,289.5,-4.58,-5.29
"2025-03-02 08:17:00",1179,12.2,-4.844,-4.964,89.2,89.5,3.228,5.398,4.53,6.37,214.5,85,983.9473,15.4,16.62,293.5,289.9,-4.579,-5.285
"2025-03-02 08:18:00",1180,12.2,-4.833,-4.95,89.3,89.6,3.323,5.601,5.199,6.566,214.5,90.3,983.9692,15.52,16.79,293.6,290,-4.576,-5.284
"2025-03-02 08:19:00",1181,12.2,-4.806,-4.92,89.3,89.6,3.213,4.875,4.891,6.664,214.5,87.6,983.983,15.5,16.75,293.7,289.5,-4.554,-5.283
"2025-03-02 08:20:00",1182,12.2,-4.796,-4.912,89.3,89.5,3.211,4.794,5.199,5.39,214.5,96.5,983.962,15.48,16.71,293.5,289.5,-4.548,-5.282
"2025-03-02 08:21:00",1183,12.2,-4.795,-4.916,89.3,89.5,4.462,5.246,6.332,6.174,214.5,85.3,983.9741,15.59,16.85,293.5,289.1,-4.549,-5.277
"2025-03-02 08:22:00",1184,12.2,-4.798,-4.92,89.3,89.5,3.459,5.212,6.229,5.782,214.5,95.8,983.985,16.02,17.31,293.5,289.8,-4.549,-5.276
"2025-03-02 08:23:00",1185,12.2,-4.802,-4.925,89.3,89.5,3.201,5.148,5.508,6.664,214.5,79.72,983.9993,15.9,17.16,293.6,289.9,-4.547,-5.275
"2025-03-02 08:24:00",1186,12.2,-4.813,-4.933,89.3,89.5,2.714,4.49,4.118,4.998,214.5,80.7,984.0042,15.9,17.19,293.5,289.9,-4.55,-5.276
"2025-03-02 08:25:00",1187,12.2,-4.816,-4.934,89.3,89.5,2.896,4.567,4.479,5.39,214.5,82.6,983.9698,16.15,17.46,293.5,289.2,-4.547,-5.276
"2025-03-02 08:26:00",1188,12.2,-4.812,-4.933,89.3,89.5,3.015,3.997,5.148,5.194,214.5,83,983.9922,16.43,17.79,293.2,287.2,-4.545,-5.272
"2025-03-02 08:27:00",1189,12.2,-4.825,-4.945,89.2,89.4,1.986,3.25,2.574,4.018,214.5,80.1,983.9438,16.88,18.24,293,288.4,-4.547,-5.266
"2025-03-02 08:28:00",1190,12.2,-4.832,-4.948,89.2,89.4,2.367,3.811,4.118,4.606,214.5,81.4,983.9996,17.87,19.35,293.2,289.5,-4.549,-5.262
"2025-03-02 08:29:00",1191,12.2,-4.836,-4.956,89.2,89.4,2.481,4.039,3.243,4.802,214.5,79.24,983.9393,17.94,19.46,293.2,289.3,-4.547,-5.259
"2025-03-02 08:30:00",1192,12.2,-4.853,-4.969,89.2,89.4,2.82,4.559,3.604,5.194,214.5,88.6,983.9347,16.98,18.32,293.2,289.4,-4.55,-5.256
