"TOA5","1481","CR3000","1481","CR3000.Std.32.06","CPU:AWS_MaggieMay_no_sonic_v3.CR3","13840","Res_data_1_min"
"TIMESTAMP","RECORD","BattV","temperature_1","temperature_2","rel_humidity_1","rel_humidity_2","wind_speed_1","wind_speed_2","gust_speed_1","gust_speed_2","wind_direction_1","wind_direction_2","air_pressure","SWup","SWdown","LWup","LWdown","CNR1_T_degC","ground_temperature"
"TS","RN","Volts","degC","degC","%","%","m/s","m/s","m/s","m/s","deg","deg","hPa","W/m^2","W/m^2","W/m^2","W/m^2","degC","degC"
"","","Min","Avg","Avg","Smp","Smp","Avg","Avg","Max","Max","Smp","Smp","Avg","Avg","Avg","Avg","Avg","Avg","Avg"
"2025-03-02 10:31:00",1313,12.2,-3.97,-4.065,86.9,87.7,2.647,3.358,3.861,3.822,224.6,62.12,984.0134,24.94,26.4,296.2,293.4,-3.616,-5.01
"2025-03-02 10:32:00",1314,12.2,-3.934,-4.035,87.1,87.8,3.45,3.61,4.582,4.41,224.7,61.82,983.9617,25.8,27.32,296.5,293.6,-3.603,-5.006
"2025-03-02 10:33:00",1315,12.2,-3.892,-3.992,87.1,87.7,2.82,3.02,3.655,4.018,224.7,69.7,984.0048,27.39,29.05,296.5,293.6,-3.589,-5.006
"2025-03-02 10:34:00",1316,12.2,-3.882,-3.987,86.9,87.5,1.856,2.888,2.78,3.43,224.7,76.22,983.9617,28.26,30.09,296.4,293.3,-3.568,-5
"2025-03-02 10:35:00",1317,12.2,-3.899,-4.006,86.9,87.6,2.186,3.25,3.604,4.41,224.8,83.2,983.9473,27.79,29.62,296.2,292.7,-3.57,-4.997
"2025-03-02 10:36:00",1318,12.2,-3.915,-4.023,87,87.8,2.846,4.065,4.17,4.802,224.7,69.01,983.9258,26.94,28.7,296.3,292.1,-3.574,-4.993
"2025-03-02 10:37:00",1319,12.2,-3.913,-4.019,87.1,87.9,3.256,3.518,4.015,4.312,224.6,59.72,983.9428,25.68,27.29,296.1,290.9,-3.587,-4.991
"2025-03-02 10:38:00",1320,12.2,-3.932,-4.026,87.1,87.8,2.961,3.286,3.398,3.92,224.7,64.11,983.901,26.61,28.39,296.1,293.1,-3.592,-4.989
"2025-03-02 10:39:00",1321,12.2,-3.933,-4.025,87.2,88,3.066,3,3.707,3.43,224.7,55.8,983.9455,27.12,29.02,296.4,293.5,-3.591,-4.987
"2025-03-02 10:40:00",1322,12.2,-3.93,-4.016,87.3,87.9,1.943,2.442,2.78,3.234,224.7,58.83,983.9937,28.19,30.28,296.3,293.5,-3.592,-4.983
"2025-03-02 10:41:00",1323,12.2,-3.927,-4.014,87.4,88,2.468,3.402,3.501,4.998,224.7,74.34,983.9573,27.87,29.88,296.4,293.1,-3.575,-4.981
"2025-03-02 10:42:00",1324,12.2,-3.911,-4,87.4,88,2.659,3.41,3.552,4.704,224.7,79.5,983.9709,27.81,29.73,296.6,293.3,-3.57,-4.978
"2025-03-02 10:43:00",1325,12.2,-3.905,-3.999,87.5,88,2.326,3.133,3.398,3.528,224.7,68.03,983.9382,28.9,30.88,296.7,294.2,-3.558,-4.974
"2025-03-02 10:44:00",1326,12.2,-3.92,-4.014,87.6,88.1,2.649,2.881,3.501,3.528,224.6,58.43,983.9141,29.12,31.13,296.6,293.8,-3.557,-4.971
"2025-03-02 10:45:00",1327,12.2,-3.916,-4.005,87.8,88.3,2.789,3.451,3.501,4.116,224.6,73.2,983.965,29.82,31.86,296.9,294,-3.551,-4.972
"2025-03-02 10:46:00",1328,12.2,-3.84,-3.923,88,88.3,2.911,3.881,4.736,5.194,224.7,83.5,983.97,30.16,32.1,297.4,294.6,-3.502,-4.969
"2025-03-02 10:47:00",1329,12.2,-3.759,-3.844,88,87.8,2.287,3.288,4.17,4.116,224.7,71.87,983.9706,30.65,32.6,297.4,294.4,-3.46,-4.966
"2025-03-02 10:48:00",1330,12.2,-3.721,-3.809,87.9,87.5,2.467,3.495,4.118,4.116,224.7,70.93,983.9664,31.74,33.85,297.4,294.4,-3.427,-4.964
"2025-03-02 10:49:00",1331,12.2,-3.696,-3.783,87.7,87.3,2.768,2.881,4.376,4.116,224.7,51.88,983.9955,32.57,34.8,297.3,294.3,-3.406,-4.958
"2025-03-02 10:50:00",1332,12.2,-3.685,-3.771,87.4,87.2,3.328,3.355,4.376,4.41,224.6,33.49,983.9796,32.96,35.31,297.3,294.2,-3.385,-4.953
"2025-03-02 10:51:00",1333,12.2,-3.681,-3.765,87.3,87.1,2.425,2.352,3.089,3.136,224.7,68.74,983.9979,32.1,34.37,297.3,294.3,-3.365,-4.951
"2025-03-02 10:52:00",1334,12.2,-3.679,-3.765,87.2,87.1,2.345,2.643,3.707,3.43,224.7,73.34,983.9558,30.48,32.5,297.3,294.3,-3.351,-4.948
"2025-03-02 10:53:00",1335,12.2,-3.69,-3.777,87.1,87,2.08,2.473,3.037,3.332,224.7,71.23,983.9861,29.69,31.57,297.1,294.5,-3.346,-4.944
"2025-03-02 10:54:00",1336,12.2,-3.685,-3.778,87.1,87.2,3.067,3.851,5.663,5.096,224.7,80.2,984.0151,30.32,32.29,297.3,294.6,-3.339,-4.943
"2025-03-02 10:55:00",1337,12.2,-3.671,-3.768,87.1,87.1,3.009,3.851,5.354,5.39,224.7,91.1,983.9763,31.51,33.66,297.4,294.6,-3.327,-4.939
"2025-03-02 10:56:00",1338,12.2,-3.66,-3.761,87,87.2,2.477,3.548,4.324,4.704,224.8,78.27,983.998,31.71,33.84,297.5,294.4,-3.32,-4.937
"2025-03-02 10:57:00",1339,12.2,-3.654,-3.756,87,87.3,2.174,3.464,4.17,4.802,224.7,84.4,983.9641,32.4,34.64,297.5,294.8,-3.308,-4.936
"2025-03-02 10:58:00",1340,12.2,-3.643,-3.742,87,87.3,2.89,4.01,3.501,5.096,224.6,65.22,983.9273,31.47,33.6,297.7,294.9,-3.295,-4.933
"2025-03-02 10:59:00",1341,12.2,-3.626,-3.725,87,87.2,2.595,3.164,3.707,4.018,224.6,80.4,983.9349,30.89,32.93,297.7,295.1,-3.284,-4.929
"2025-03-02 11:00:00",1342,12.2,-3.615,-3.721,86.9,87.1,2.176,2.803,3.295,3.626,224.6,43.45,984.0222,30.44,32.39,297.6,295,-3.278,-4.929
