"TOA5","1481","CR3000","1481","CR3000.Std.32.06","CPU:AWS_MaggieMay_no_sonic_v3.CR3","13840","Res_data_1_min"
"TIMESTAMP","RECORD","BattV","temperature_1","temperature_2","rel_humidity_1","rel_humidity_2","wind_speed_1","wind_speed_2","gust_speed_1","gust_speed_2","wind_direction_1","wind_direction_2","air_pressure","SWup","SWdown","LWup","LWdown","CNR1_T_degC","ground_temperature"
"TS","RN","Volts","degC","degC","%","%","m/s","m/s","m/s","m/s","deg","deg","hPa","W/m^2","W/m^2","W/m^2","W/m^2","degC","degC"
"","","Min","Avg","Avg","Smp","Smp","Avg","Avg","Max","Max","Smp","Smp","Avg","Avg","Avg","Avg","Avg","Avg","Avg"
"2025-03-02 10:01:00",1283,12.2,-3.989,-4.057,86.4,86.7,3.55,6.354,4.17,6.958,224.6,81.3,983.9376,23.19,24.16,294.9,287,-3.944,-5.063
"2025-03-02 10:02:00",1284,12.2,-3.99,-4.063,86.4,86.9,4.196,6.283,7.773,8.13,224.6,87.6,983.8967,22.88,23.86,295.2,288.1,-3.914,-5.061
"2025-03-02 10:03:00",1285,12.2,-3.995,-4.077,86.4,86.9,3.423,6.167,4.221,7.546,224.6,82.6,983.9384,22.77,23.79,295.4,289,-3.895,-5.062
"2025-03-02 10:04:00",1286,12.2,-4.035,-4.126,86.5,87.2,2.929,5.205,3.552,6.174,224.6,77.59,983.9258,22.92,24.02,295.3,290,-3.892,-5.06
"2025-03-02 10:05:00",1287,12.2,-4.059,-4.147,86.7,87.5,3.054,5.075,4.427,5.684,224.6,93.1,983.937,22.42,23.51,295.5,290.8,-3.884,-5.059
"2025-03-02 10:06:00",1288,12.2,-4.057,-4.149,86.9,87.5,3.324,5.334,4.685,6.37,224.7,90.2,983.9167,23.35,24.63,295.6,291.2,-3.867,-5.056
"2025-03-02 10:07:00",1289,12.2,-4.064,-4.159,87,87.7,3.818,5.807,5.354,6.664,224.7,92.3,983.9608,22.4,23.62,295.4,286,-3.856,-5.055
"2025-03-02 10:08:00",1290,12.2,-4.056,-4.148,87,87.6,3.215,5.111,4.788,6.272,224.6,76.22,983.9769,21.51,22.4,294.6,281.1,-3.862,-5.054
"2025-03-02 10:09:00",1291,12.2,-4.059,-4.148,87.1,87.6,2.904,5.155,3.398,5.978,224.7,81.8,983.9457,22.79,23.78,294.9,287.3,-3.871,-5.054
"2025-03-02 10:10:00",1292,12.2,-4.045,-4.136,87.1,87.5,3.428,5.158,5.457,5.978,224.7,65.98,983.9094,23.77,24.9,295.5,290.7,-3.846,-5.05
"2025-03-02 10:11:00",1293,12.2,-4.003,-4.094,87,87.4,4.67,5.261,5.766,6.076,224.7,52.07,983.9222,25,26.4,296,292,-3.823,-5.051
"2025-03-02 10:12:00",1294,12.2,-3.944,-4.039,86.9,87.1,4.366,4.791,5.663,5.782,224.7,73.55,983.9747,24.81,26.23,296.3,292.2,-3.776,-5.049
"2025-03-02 10:13:00",1295,12.2,-3.892,-3.985,86.7,86.8,3.445,4.141,4.633,4.998,224.6,66.68,983.955,24.93,26.36,296.3,292.8,-3.739,-5.046
"2025-03-02 10:14:00",1296,12.2,-3.857,-3.951,86.4,86.5,3.772,3.971,4.736,5.096,224.6,51.29,983.9836,25.03,26.46,296.4,292.9,-3.704,-5.046
"2025-03-02 10:15:00",1297,12.2,-3.84,-3.938,86.2,86.4,3.434,4.577,5.045,5.88,224.7,67.04,983.9695,25.28,26.74,296.3,292.8,-3.68,-5.044
"2025-03-02 10:16:00",1298,12.2,-3.869,-3.974,86,86.5,3.196,3.882,4.324,4.9,224.7,71.98,983.9539,25.27,26.77,296.1,292.8,-3.675,-5.044
"2025-03-02 10:17:00",1299,12.2,-3.908,-4.01,86.1,86.8,3.132,4.116,4.479,5.88,224.7,53.71,984.0032,25,26.47,296.2,292.8,-3.674,-5.04
"2025-03-02 10:18:00",1300,12.2,-3.91,-4.012,86.2,86.9,3.453,3.793,4.53,4.704,224.7,72.81,983.9853,25.95,27.5,296.1,292.9,-3.669,-5.037
"2025-03-02 10:19:00",1301,12.2,-3.916,-4.016,86.3,86.9,3.587,4.01,5.045,4.704,224.7,62.27,983.998,26.78,28.41,296.2,293.1,-3.666,-5.033
"2025-03-02 10:20:00",1302,12.2,-3.918,-4.018,86.3,87,3.386,3.615,4.067,4.214,224.7,62.4,984.0202,26.6,28.3,296.2,293.2,-3.647,-5.032
"2025-03-02 10:21:00",1303,12.2,-3.912,-4.012,86.3,86.9,3.079,3.077,3.707,3.822,224.7,67.7,984.0079,25.54,27.12,296.2,293.1,-3.639,-5.03
"2025-03-02 10:22:00",1304,12.2,-3.903,-4.001,86.3,86.9,2.059,2.207,2.78,2.744,224.7,73.9,983.9973,25.81,27.39,296.1,293.3,-3.632,-5.029
"2025-03-02 10:23:00",1305,12.2,-3.886,-3.987,86.3,86.8,1.83,2.208,2.728,2.94,224.6,44.52,984.0228,26.29,27.89,296.2,293.5,-3.615,-5.027
"2025-03-02 10:24:00",1306,12.2,-3.896,-3.992,86.2,86.8,2.314,2.264,2.883,3.038,224.7,63.61,983.9756,25.17,26.65,296,293.2,-3.606,-5.023
"2025-03-02 10:25:00",1307,12.2,-3.931,-4.024,86.2,86.9,3.035,3.208,3.964,4.018,224.6,34.77,984.0251,24.57,25.97,295.9,293.2,-3.622,-5.021
"2025-03-02 10:26:00",1308,12.2,-3.949,-4.042,86.4,87.1,2.503,2.716,3.295,3.332,224.7,72.87,983.985,24.48,25.86,296,293.4,-3.626,-5.02
"2025-03-02 10:27:00",1309,12.2,-3.956,-4.049,86.5,87.2,1.933,2.099,2.831,3.038,224.6,40.19,984.0251,25.17,26.62,296,293.5,-3.614,-5.017
"2025-03-02 10:28:00",1310,12.2,-3.969,-4.056,86.5,87.2,2.854,2.76,3.655,3.43,224.7,56.77,983.9706,25.66,27.21,295.9,293.3,-3.624,-5.014
"2025-03-02 10:29:00",1311,12.2,-3.98,-4.066,86.6,87.2,2.018,2.05,2.728,2.548,224.6,53.03,983.9839,25.11,26.62,295.9,293.2,-3.625,-5.011
"2025-03-02 10:30:00",1312,12.2,-3.997,-4.081,86.7,87.5,1.793,2.545,2.471,4.508,224.7,59.55,984.0062,24.71,26.2,295.9,293.2,-3.623,-5.01
