"TOA5","1481","CR3000","1481","CR3000.Std.32.06","CPU:AWS_MaggieMay_no_sonic_v3.CR3","13840","Res_data_1_min"
"TIMESTAMP","RECORD","BattV","temperature_1","temperature_2","rel_humidity_1","rel_humidity_2","wind_speed_1","wind_speed_2","gust_speed_1","gust_speed_2","wind_direction_1","wind_direction_2","air_pressure","SWup","SWdown","LWup","LWdown","CNR1_T_degC","ground_temperature"
"TS","RN","Volts","degC","degC","%","%","m/s","m/s","m/s","m/s","deg","deg","hPa","W/m^2","W/m^2","W/m^2","W/m^2","degC","degC"
"","","Min","Avg","Avg","Smp","Smp","Avg","Avg","Max","Max","Smp","Smp","Avg","Avg","Avg","Avg","Avg","Avg","Avg"
"2025-03-10 05:31:00",12532,11.85,-14.98,-14.48,75.53,75.6,3.026,2.79,3.758,3.528,342,246.7,986.0687,3.032,0.279,232.7,193.5,-17.63,-9.65
"2025-03-10 05:32:00",12533,11.85,-14.72,-14.29,74.88,74.5,2.722,2.719,3.758,3.626,342,244.7,986.08,3.488,0.753,233.5,194.8,-17.49,-9.65
"2025-03-10 05:33:00",12534,11.85,-14.52,-14.13,74.37,74.58,2.719,2.537,3.037,2.94,342,240.1,986.0311,4.107,1.315,233.2,193.7,-17.39,-9.66
"2025-03-10 05:34:00",12535,11.85,-14.35,-13.96,72.84,72.82,2.587,2.355,2.883,2.842,342,249.7,986.0313,3.959,1.322,230.2,192.7,-17.35,-9.66
"2025-03-10 05:35:00",12536,11.85,-14.35,-13.89,73.38,74.73,2.428,2.386,3.037,2.744,342,232.9,986.0432,2.961,0.305,230,193.3,-17.38,-9.66
"2025-03-10 05:36:00",12537,11.85,-14.2,-13.72,73.31,73.55,2.699,2.499,3.192,2.842,342,240.4,986.0289,3.597,1.062,230,192.9,-17.32,-9.66
"2025-03-10 05:37:00",12538,11.85,-13.98,-13.54,74,73.5,2.197,1.882,2.986,2.744,342,227.2,986.0406,3.178,1.008,229.9,195.2,-17.21,-9.67
"2025-03-10 05:38:00",12539,11.85,-13.77,-13.4,71.32,70.68,2.308,1.998,3.089,2.842,342,224.3,986.0424,4.317,1.91,229.9,194.2,-17.08,-9.67
"2025-03-10 05:39:00",12540,11.85,-14.05,-13.57,70.23,70.75,2.706,2.416,3.089,2.842,342,231.2,986.0474,3.554,1.098,229.4,193.1,-17.12,-9.67
"2025-03-10 05:40:00",12541,11.85,-14.06,-13.65,71.18,71.68,2.311,2.051,2.728,2.45,342,229.4,986.012,3.821,1.462,230,194.1,-17.01,-9.67
"2025-03-10 05:41:00",12542,11.85,-14.16,-13.71,69.94,71.29,2.659,2.256,3.089,2.744,342,222.7,986.0341,4.001,1.483,229.1,191.4,-17.08,-9.67
"2025-03-10 05:42:00",12543,11.85,-14.21,-13.77,70.9,71.75,2.757,2.336,3.449,3.234,342,250,986.0207,2.94,0.657,229.7,192.6,-17.16,-9.68
"2025-03-10 05:43:00",12544,11.85,-14.25,-13.71,70.16,72.84,2.247,1.575,2.934,2.156,342,221.9,986.0255,2.904,0.558,228.7,191.3,-17.25,-9.68
"2025-03-10 05:44:00",12545,11.85,-14.29,-13.55,72.34,73.9,1.841,1.165,2.677,1.96,342,243.4,985.9974,2.505,0.239,229.2,193.7,-17.25,-9.68
"2025-03-10 05:45:00",12546,11.85,-14.05,-13.37,74.27,74.63,1.329,0.874,2.214,1.862,342,242.3,985.9631,4.013,1.414,228.7,193.1,-17.16,-9.68
"2025-03-10 05:46:00",12547,11.85,-13.77,-13.21,74.16,73.45,1.296,0.905,1.493,1.176,342,236.1,985.9852,3.339,1.025,225.9,193.4,-17.18,-9.69
"2025-03-10 05:47:00",12548,11.85,-13.56,-13.12,72.86,72,1.429,1.227,1.699,1.568,342,217.1,985.9622,3.682,1.641,224.8,190.8,-17.27,-9.69
"2025-03-10 05:48:00",12549,11.85,-13.5,-13.1,70.37,70.94,1.556,0.947,2.214,1.47,342,245.9,985.9861,2.093,0.57,225.4,192.2,-17.39,-9.69
"2025-03-10 05:49:00",12550,11.85,-13.72,-13.23,68.37,68.98,2.231,1.958,3.14,2.94,342,264.4,985.9662,2.813,0.947,227.7,192.3,-17.39,-9.69
"2025-03-10 05:50:00",12551,11.85,-13.95,-13.45,69.33,70.23,2.305,2.136,3.037,2.94,342,251.2,985.9771,3.337,1.243,229.3,192.7,-17.37,-9.7
"2025-03-10 05:51:00",12552,11.85,-14.1,-13.58,70.54,71.89,2.076,1.846,2.831,2.646,342,238.8,985.9708,4.026,1.751,229.3,193.2,-17.31,-9.7
"2025-03-10 05:52:00",12553,11.85,-14.11,-13.57,69.57,70.64,2.223,1.847,2.883,2.94,342,246,985.9824,4.674,2.233,227.8,190.4,-17.37,-9.7
"2025-03-10 05:53:00",12554,11.85,-14.4,-13.72,70.05,71.9,2.682,2.373,3.037,3.038,342,244.9,986.0029,3.37,0.893,226.6,189.2,-17.62,-9.7
"2025-03-10 05:54:00",12555,11.85,-14.66,-13.86,68.39,70.31,3.003,2.871,3.295,3.332,342,242.5,986.0233,2.599,0.408,226.1,188.3,-17.85,-9.71
"2025-03-10 05:55:00",12556,11.85,-14.95,-14.06,69.38,70.84,3.156,3.009,3.449,3.528,342,243.2,985.9919,2.317,0.271,225.8,188.7,-18.03,-9.71
"2025-03-10 05:56:00",12557,11.84,-15.07,-14.17,71.1,71.83,2.687,2.416,3.14,2.94,342,236.1,986.0148,2.376,0.396,225.8,189.6,-18.16,-9.71
"2025-03-10 05:57:00",12558,11.85,-15.21,-14.28,71.56,72.01,3.183,3.144,3.707,3.626,342,232.4,986.005,3.065,1.091,227,189.6,-18.23,-9.72
"2025-03-10 05:58:00",12559,11.84,-15.14,-14.37,69.31,68.91,3.633,3.644,4.015,4.116,342,232.1,986.0173,3.506,1.823,228.9,190.9,-18.22,-9.72
"2025-03-10 05:59:00",12560,11.84,-15.33,-14.58,71.94,72.75,3.503,3.373,4.067,3.92,342,239.8,985.9989,4.305,2.613,229.7,192,-18.14,-9.72
"2025-03-10 06:00:00",12561,11.84,-15.25,-14.58,72.89,73.53,3.697,3.668,4.067,3.92,342,241.3,986.0111,4.678,2.919,229.9,191.6,-18.12,-9.72
