"TOA5","1481","CR3000","1481","CR3000.Std.32.06","CPU:AWS_MaggieMay_no_sonic_v3.CR3","13840","Res_data_1_min"
"TIMESTAMP","RECORD","BattV","temperature_1","temperature_2","rel_humidity_1","rel_humidity_2","wind_speed_1","wind_speed_2","gust_speed_1","gust_speed_2","wind_direction_1","wind_direction_2","air_pressure","SWup","SWdown","LWup","LWdown","CNR1_T_degC","ground_temperature"
"TS","RN","Volts","degC","degC","%","%","m/s","m/s","m/s","m/s","deg","deg","hPa","W/m^2","W/m^2","W/m^2","W/m^2","degC","degC"
"","","Min","Avg","Avg","Smp","Smp","Avg","Avg","Max","Max","Smp","Smp","Avg","Avg","Avg","Avg","Avg","Avg","Avg"
"2025-03-04 21:31:00",4853,12.26,-13.45,-13.56,79.28,80.6,4.322,4.255,5.148,5.096,134.6,118.1,983.2802,0.197,-0.209,256.8,248.4,-13.37,-10.38
"2025-03-04 21:32:00",4854,12.26,-13.49,-13.6,79.28,80.9,3.946,4.025,4.479,4.606,134.6,109.7,983.3059,0.153,-0.27,256.4,247.7,-13.38,-10.38
"2025-03-04 21:33:00",4855,12.26,-13.53,-13.65,79.46,81.3,4.157,4.232,4.839,4.704,135.3,112,983.2768,0.027,-0.41,256.3,247.2,-13.4,-10.39
"2025-03-04 21:34:00",4856,12.26,-13.56,-13.67,79.64,81.5,3.878,3.788,4.685,4.606,135.2,116.1,983.298,0.004,-0.444,256.2,246.7,-13.42,-10.39
"2025-03-04 21:35:00",4857,12.26,-13.56,-13.67,79.8,81.5,3.11,2.865,4.376,4.116,132.6,121.8,983.2985,0.033,-0.452,256,245.3,-13.43,-10.39
"2025-03-04 21:36:00",4858,12.26,-13.56,-13.67,79.82,81.5,2.982,3.022,3.604,3.92,134.3,123.4,983.2906,0.085,-0.452,256,246.1,-13.43,-10.39
"2025-03-04 21:37:00",4859,12.26,-13.54,-13.66,79.83,81.4,2.183,2.096,3.655,3.626,132.4,123.8,983.2758,0.104,-0.41,256,247.1,-13.44,-10.39
"2025-03-04 21:38:00",4860,12.26,-13.54,-13.65,79.76,81.3,1.717,1.563,2.317,2.352,137.7,132.5,983.2668,0.118,-0.428,255.8,247.4,-13.46,-10.39
"2025-03-04 21:39:00",4861,12.26,-13.54,-13.66,79.68,81.2,2.985,3.082,3.81,4.018,145.6,128.5,983.3034,0.087,-0.439,256,247.6,-13.46,-10.38
"2025-03-04 21:40:00",4862,12.26,-13.55,-13.66,79.78,81.4,3.504,3.456,4.067,3.92,145.6,116.8,983.2626,0.084,-0.397,256.1,247.8,-13.47,-10.39
"2025-03-04 21:41:00",4863,12.26,-13.55,-13.66,79.85,81.5,2.495,2.494,3.14,3.038,145.6,127.4,983.3163,0.134,-0.319,256.1,248.2,-13.47,-10.39
"2025-03-04 21:42:00",4864,12.26,-13.55,-13.66,79.81,81.3,1.918,1.916,3.398,3.822,152.2,118.7,983.291,0.167,-0.31,256.1,248.8,-13.47,-10.39
"2025-03-04 21:43:00",4865,12.26,-13.55,-13.67,79.82,81.5,2.831,2.741,4.942,4.9,150.5,138.9,983.3313,0.135,-0.324,256.4,249.4,-13.47,-10.39
"2025-03-04 21:44:00",4866,12.26,-13.54,-13.66,79.87,81.4,1.118,0.843,1.699,1.47,150.2,157.2,983.2985,0.205,-0.249,256.2,249.3,-13.48,-10.39
"2025-03-04 21:45:00",4867,12.26,-13.54,-13.66,79.88,81.5,1.447,1.246,2.111,1.96,150.2,111.8,983.2953,0.176,-0.281,256.1,248.6,-13.48,-10.39
"2025-03-04 21:46:00",4868,12.26,-13.53,-13.65,79.92,81.5,1.176,0.905,1.853,1.666,150.2,115,983.2998,0.194,-0.286,256,248,-13.49,-10.39
"2025-03-04 21:47:00",4869,12.26,-13.52,-13.64,79.91,81.5,0.521,0.291,0.772,0.686,150.3,115.5,983.2452,0.248,-0.297,255.7,246.5,-13.49,-10.39
"2025-03-04 21:48:00",4870,12.26,-13.52,-13.64,79.91,81.5,1.796,1.53,4.53,3.92,160.5,177.5,983.2416,0.191,-0.395,255.7,246.9,-13.51,-10.39
"2025-03-04 21:49:00",4871,12.26,-13.53,-13.65,79.97,81.7,2.672,2.698,3.552,3.92,152.5,119.9,983.2603,0.22,-0.314,256.1,248.4,-13.51,-10.39
"2025-03-04 21:50:00",4872,12.26,-13.56,-13.68,80.2,82,3.35,3.409,4.067,4.214,152.7,133.6,983.2551,0.157,-0.302,256.3,249.1,-13.51,-10.39
"2025-03-04 21:51:00",4873,12.26,-13.57,-13.69,80.3,82.1,2.952,2.958,3.707,3.724,152.7,125.5,983.2864,0.143,-0.291,256.3,249.3,-13.5,-10.39
"2025-03-04 21:52:00",4874,12.26,-13.58,-13.7,80.5,82.2,3.145,3.025,4.221,4.41,152.7,131.1,983.2433,0.148,-0.285,256.5,249.7,-13.5,-10.39
"2025-03-04 21:53:00",4875,12.26,-13.59,-13.7,80.6,82.2,2.234,2.254,2.883,2.842,152.7,128.2,983.3008,0.192,-0.19,256.4,249.1,-13.51,-10.4
"2025-03-04 21:54:00",4876,12.26,-13.59,-13.7,80.6,82.3,2.623,2.631,3.037,3.038,152.6,110.3,983.2896,0.184,-0.262,256.3,248.2,-13.51,-10.4
"2025-03-04 21:55:00",4877,12.26,-13.59,-13.71,80.7,82.4,1.318,1.034,2.214,1.96,152.6,107.4,983.2802,0.227,-0.256,255.8,245.9,-13.52,-10.4
"2025-03-04 21:56:00",4878,12.26,-13.6,-13.72,80.7,82.4,1.969,1.738,2.625,2.842,155,117.4,983.2823,0.185,-0.381,255.2,241.4,-13.53,-10.4
"2025-03-04 21:57:00",4879,12.26,-13.6,-13.72,80.8,82.4,2.066,1.916,2.883,2.842,153,119.3,983.233,0.199,-0.495,254.8,239.5,-13.54,-10.4
"2025-03-04 21:58:00",4880,12.26,-13.59,-13.7,80.8,82.3,1.795,1.679,2.265,2.45,154.2,133.3,983.2185,0.219,-0.589,254.9,243.5,-13.56,-10.4
"2025-03-04 21:59:00",4881,12.26,-13.55,-13.66,80.7,82.1,3.192,3.272,4.736,4.802,152.5,161.3,983.2464,0.235,-0.451,255.6,247,-13.55,-10.4
"2025-03-04 22:00:00",4882,12.26,-13.51,-13.62,80.5,81.6,4.131,4.23,5.457,5.88,151.9,124.6,983.2047,0.339,-0.216,256.1,247.5,-13.53,-10.4
