"TOA5","1481","CR3000","1481","CR3000.Std.32.06","CPU:AWS_MaggieMay_no_sonic_v3.CR3","13840","Res_data_1_min"
"TIMESTAMP","RECORD","BattV","temperature_1","temperature_2","rel_humidity_1","rel_humidity_2","wind_speed_1","wind_speed_2","gust_speed_1","gust_speed_2","wind_direction_1","wind_direction_2","air_pressure","SWup","SWdown","LWup","LWdown","CNR1_T_degC","ground_temperature"
"TS","RN","Volts","degC","degC","%","%","m/s","m/s","m/s","m/s","deg","deg","hPa","W/m^2","W/m^2","W/m^2","W/m^2","degC","degC"
"","","Min","Avg","Avg","Smp","Smp","Avg","Avg","Max","Max","Smp","Smp","Avg","Avg","Avg","Avg","Avg","Avg","Avg"
"2025-03-03 02:01:00",2243,12.12,-5.169,-5.265,91.7,91.4,5.175,5.63,6.486,6.566,235.2,58.98,982.7483,0.137,-0.081,292.4,288.2,-5.006,-4.851
"2025-03-03 02:02:00",2244,12.12,-5.176,-5.277,91.7,91.4,6.792,7.023,8.08,8.04,235.2,61.33,982.7166,0.039,-0.139,292.5,288.5,-5.014,-4.851
"2025-03-03 02:03:00",2245,12.12,-5.163,-5.261,91.7,91.4,6.576,6.942,7.773,8.13,235.2,57.55,982.7233,0.128,-0.073,292.6,288.2,-4.997,-4.852
"2025-03-03 02:04:00",2246,12.12,-5.155,-5.249,91.7,91.4,6.382,6.638,7.979,7.546,235.2,53.39,982.7279,0.154,-0.072,292.6,287.6,-4.982,-4.852
"2025-03-03 02:05:00",2247,12.12,-5.143,-5.235,91.7,91.3,6.136,6.345,7.413,7.448,235.2,57.43,982.7227,0.158,-0.076,292.5,287.4,-4.983,-4.853
"2025-03-03 02:06:00",2248,12.12,-5.149,-5.235,91.7,91.3,4.868,5.3,5.508,6.076,235.2,64.72,982.7382,0.161,-0.082,292.4,287.5,-4.982,-4.855
"2025-03-03 02:07:00",2249,12.12,-5.163,-5.253,91.7,91.3,5.431,5.785,6.435,6.566,235.2,56.09,982.7314,0.075,-0.148,292.3,287.4,-4.994,-4.856
"2025-03-03 02:08:00",2250,12.12,-5.16,-5.255,91.7,91.3,5.963,6.127,6.641,6.958,235.2,55.1,982.726,0.021,-0.207,292.4,287.3,-4.994,-4.857
"2025-03-03 02:09:00",2251,12.12,-5.154,-5.247,91.7,91.3,5.807,5.905,6.95,6.86,235.2,54.09,982.7264,0.105,-0.133,292.4,287.6,-4.986,-4.855
"2025-03-03 02:10:00",2252,12.11,-5.148,-5.237,91.7,91.3,5.574,5.689,6.384,6.664,235.2,56.66,982.7366,0.145,-0.092,292.4,287.5,-4.983,-4.856
"2025-03-03 02:11:00",2253,12.12,-5.133,-5.219,91.7,91.3,6.291,6.43,7.619,7.448,235.2,53.13,982.747,0.107,-0.173,292.6,287.2,-4.973,-4.86
"2025-03-03 02:12:00",2254,12.12,-5.096,-5.181,91.7,91.2,6.043,6.488,7.876,7.938,235.2,56.23,982.7336,0.22,-0.08,292.6,286.9,-4.954,-4.859
"2025-03-03 02:13:00",2255,12.12,-5.079,-5.157,91.6,91.1,6.065,6.372,7.362,7.35,235.2,54.98,982.7343,0.267,-0.059,292.6,287.4,-4.938,-4.862
"2025-03-03 02:14:00",2256,12.12,-5.077,-5.157,91.6,91,6.172,6.393,6.898,7.154,235.2,47.5,982.7072,0.214,-0.081,292.6,287.6,-4.936,-4.861
"2025-03-03 02:15:00",2257,12.12,-5.065,-5.141,91.6,90.9,7.143,7.399,8.39,8.33,235.2,55.79,982.6474,0.172,-0.104,292.7,287,-4.921,-4.861
"2025-03-03 02:16:00",2258,12.12,-5.066,-5.139,91.5,90.8,5.898,6.038,7.156,7.056,235.2,47.17,982.6884,0.209,-0.073,292.5,286.7,-4.916,-4.862
"2025-03-03 02:17:00",2259,12.12,-5.081,-5.157,91.5,90.8,6.033,6.22,7.413,7.154,235.2,47.21,982.6553,0.091,-0.186,292.4,286.8,-4.931,-4.86
"2025-03-03 02:18:00",2260,12.12,-5.075,-5.151,91.5,90.8,6.375,6.555,7.465,7.252,235.2,52.86,982.7015,0.088,-0.206,292.6,286.9,-4.916,-4.86
"2025-03-03 02:19:00",2261,12.12,-5.055,-5.128,91.5,90.7,6.128,6.437,7.619,7.546,235.2,64.22,982.6984,0.21,-0.067,292.6,287,-4.898,-4.861
"2025-03-03 02:20:00",2262,12.12,-5.061,-5.134,91.4,90.6,5.898,6.2,6.641,7.448,235.2,49.82,982.7263,0.161,-0.091,292.5,287.3,-4.905,-4.862
"2025-03-03 02:21:00",2263,12.11,-5.073,-5.147,91.4,90.6,5.894,6.03,6.898,6.958,235.2,51.43,982.6691,0.058,-0.186,292.4,287.9,-4.914,-4.864
"2025-03-03 02:22:00",2264,12.12,-5.078,-5.154,91.4,90.6,5.961,6.114,6.641,6.958,235.2,57.82,982.6789,0.01,-0.211,292.5,287.7,-4.917,-4.863
"2025-03-03 02:23:00",2265,12.12,-5.076,-5.151,91.4,90.6,5.618,5.816,6.538,6.566,235.2,55.97,982.6701,0.1,-0.111,292.6,287.8,-4.91,-4.865
"2025-03-03 02:24:00",2266,12.12,-5.074,-5.153,91.4,90.7,5.955,6.145,6.486,6.762,235.2,52.74,982.6422,0.073,-0.145,292.5,287.6,-4.909,-4.866
"2025-03-03 02:25:00",2267,12.12,-5.074,-5.154,91.4,90.7,5.747,5.975,6.744,7.056,235.2,54.77,982.6144,0.063,-0.137,292.4,287.7,-4.925,-4.866
"2025-03-03 02:26:00",2268,12.11,-5.079,-5.158,91.4,90.7,6.236,6.607,7.413,8.04,235.2,54.69,982.6301,-0.008,-0.202,292.5,287.8,-4.932,-4.867
"2025-03-03 02:27:00",2269,12.11,-5.061,-5.145,91.4,90.8,6.24,6.314,7.516,7.742,235.2,56.24,982.6713,0.096,-0.111,292.6,287.3,-4.913,-4.866
"2025-03-03 02:28:00",2270,12.11,-5.048,-5.129,91.4,90.8,5.936,6.076,7.001,7.252,235.2,54.45,982.6054,0.11,-0.115,292.7,287.4,-4.904,-4.865
"2025-03-03 02:29:00",2271,12.11,-5.028,-5.105,91.4,90.7,6.103,6.29,7.362,7.644,235.2,46.56,982.6194,0.173,-0.056,292.7,287.1,-4.884,-4.868
"2025-03-03 02:30:00",2272,12.12,-5.014,-5.091,91.3,90.5,6.1,6.136,6.847,7.252,235.2,53.45,982.6048,0.206,-0.023,292.6,286.9,-4.877,-4.869
