"TOA5","1481","CR3000","1481","CR3000.Std.32.06","CPU:AWS_MaggieMay_no_sonic_v3.CR3","13840","Res_data_1_min"
"TIMESTAMP","RECORD","BattV","temperature_1","temperature_2","rel_humidity_1","rel_humidity_2","wind_speed_1","wind_speed_2","gust_speed_1","gust_speed_2","wind_direction_1","wind_direction_2","air_pressure","SWup","SWdown","LWup","LWdown","CNR1_T_degC","ground_temperature"
"TS","RN","Volts","degC","degC","%","%","m/s","m/s","m/s","m/s","deg","deg","hPa","W/m^2","W/m^2","W/m^2","W/m^2","degC","degC"
"","","Min","Avg","Avg","Smp","Smp","Avg","Avg","Max","Max","Smp","Smp","Avg","Avg","Avg","Avg","Avg","Avg","Avg"
"2025-03-07 16:01:00",8843,11.91,-9.65,-9.68,83.3,83,3.686,4.056,4.633,5.096,344.9,242.2,983.7009,3.478,1.973,269.5,273,-9.74,-7.887
"2025-03-07 16:02:00",8844,11.91,-9.68,-9.72,83.2,83.3,4.47,4.951,4.942,5.292,344.9,244,983.7123,3.111,1.925,269.7,272.9,-9.75,-7.889
"2025-03-07 16:03:00",8845,11.91,-9.7,-9.74,83.3,83.6,4.122,4.764,5.714,6.37,344.9,246.5,983.6881,2.888,1.822,269.5,272.9,-9.76,-7.89
"2025-03-07 16:04:00",8846,11.91,-9.63,-9.66,83.3,82.7,4.82,5.268,5.714,6.076,344.9,254.8,983.6788,2.862,1.693,270.5,273.1,-9.74,-7.893
"2025-03-07 16:05:00",8847,11.91,-9.54,-9.58,83.1,82.7,3.969,4.176,4.839,5.194,344.9,316.4,983.6923,3.13,1.669,270.6,273.2,-9.71,-7.893
"2025-03-07 16:06:00",8848,11.91,-9.49,-9.55,82.8,82.5,2.409,2.537,3.295,3.234,344.9,258.7,983.7024,3.207,1.662,269.6,273.2,-9.69,-7.895
"2025-03-07 16:07:00",8849,11.91,-9.48,-9.53,82.6,82.2,2.966,3.174,3.758,4.018,344.9,287.5,983.6619,2.928,1.62,269.3,273.2,-9.69,-7.897
"2025-03-07 16:08:00",8850,11.91,-9.46,-9.52,82.3,82.3,2.867,3.056,3.912,4.312,344.9,293.1,983.6548,2.944,1.518,269.8,273.3,-9.67,-7.901
"2025-03-07 16:09:00",8851,11.91,-9.49,-9.54,82,81.8,2.817,2.992,3.655,3.92,344.9,315.6,983.6915,2.887,1.523,268.7,273.2,-9.69,-7.903
"2025-03-07 16:10:00",8852,11.91,-9.68,-9.72,82.4,83.1,1.811,1.82,2.42,2.646,344.9,258.9,983.6974,2.101,1.669,266.9,273.2,-9.74,-7.906
"2025-03-07 16:11:00",8853,11.91,-9.82,-9.87,82.8,83.3,2.439,2.61,3.295,3.43,344.9,258.8,983.6912,1.663,1.749,267,272.9,-9.78,-7.906
"2025-03-07 16:12:00",8854,11.91,-9.94,-9.99,82.9,83.4,3.259,3.626,4.17,4.508,344.9,257.8,983.6993,1.429,1.645,267.4,272.6,-9.83,-7.911
"2025-03-07 16:13:00",8855,11.91,-10.02,-10.06,83.2,83.8,3.29,3.722,4.067,4.606,344.9,253,983.6907,1.233,1.5,267.4,272.3,-9.88,-7.914
"2025-03-07 16:14:00",8856,11.91,-10.01,-10.04,83.8,84.2,3.427,3.804,4.221,4.802,344.9,255.8,983.6809,1.195,1.33,268.3,272.4,-9.89,-7.915
"2025-03-07 16:15:00",8857,11.91,-10,-10.04,83.7,84,3.376,3.871,4.067,4.508,344.9,249.7,983.6872,1.401,1.338,267.8,272.2,-9.92,-7.916
"2025-03-07 16:16:00",8858,11.91,-10,-10.01,83.9,84.3,3.536,4.034,4.221,4.802,344.9,252.8,983.6687,1.385,1.243,268.4,272.2,-9.93,-7.916
"2025-03-07 16:17:00",8859,11.91,-9.96,-9.96,83.9,84.1,3.399,3.962,4.685,5.39,344.9,242.7,983.6749,1.533,1.213,268.3,272.1,-9.94,-7.918
"2025-03-07 16:18:00",8860,11.91,-9.92,-9.91,84,84.1,3.639,4.129,4.53,4.802,344.9,255.1,983.6902,1.469,1.132,268.7,272.2,-9.94,-7.918
"2025-03-07 16:19:00",8861,11.91,-9.87,-9.87,83.9,83.9,2.74,3.115,3.707,4.116,344.9,264.7,983.6998,1.601,1.094,268.5,272.3,-9.94,-7.92
"2025-03-07 16:20:00",8862,11.91,-9.78,-9.78,83.8,83.4,3.177,3.45,4.221,4.802,344.9,251.6,983.6819,1.996,1.067,269.3,272.5,-9.9,-7.923
"2025-03-07 16:21:00",8863,11.91,-9.8,-9.82,83.2,82.8,3.646,4.108,4.273,4.704,344.9,247.7,983.6996,1.997,1.141,268.6,272.2,-9.91,-7.925
"2025-03-07 16:22:00",8864,11.91,-9.9,-9.92,82.9,83.1,3.045,3.533,5.302,5.488,344.9,252.1,983.6891,1.509,1.069,267.9,272,-9.95,-7.925
"2025-03-07 16:23:00",8865,11.9,-9.88,-9.87,83.3,83.2,3.557,4.021,4.685,5.292,344.9,246.9,983.653,1.477,0.959,268.7,272.3,-9.94,-7.926
"2025-03-07 16:24:00",8866,11.91,-9.89,-9.89,83.3,83.3,3.929,4.379,4.53,4.998,344.9,251.1,983.6668,1.347,0.988,268.5,272,-9.96,-7.926
"2025-03-07 16:25:00",8867,11.91,-9.9,-9.91,83.3,83.5,3.634,4.134,4.221,4.704,344.9,247.7,983.6794,1.228,0.9,268.3,272,-9.97,-7.93
"2025-03-07 16:26:00",8868,11.91,-9.87,-9.9,83.4,83.2,3.636,4.034,4.17,4.606,344.9,240.8,983.6622,1.258,0.835,268.3,272.1,-9.98,-7.931
"2025-03-07 16:27:00",8869,11.91,-9.91,-9.95,83.1,83.2,3.053,3.356,3.604,4.214,344.9,247.7,983.6874,1.163,0.883,267.3,271.8,-10.01,-7.934
"2025-03-07 16:28:00",8870,11.91,-9.92,-9.94,83,83,3.439,3.987,4.376,4.606,344.9,238.1,983.6566,0.966,0.8,267.5,271.8,-10.02,-7.934
"2025-03-07 16:29:00",8871,11.91,-9.95,-9.95,82.8,82.8,3.321,3.833,3.912,4.508,344.9,238.3,983.6438,0.941,0.728,267.5,271.7,-10.04,-7.937
"2025-03-07 16:30:00",8872,11.91,-9.98,-9.97,82.7,82.6,3.465,3.918,4.015,4.312,344.9,236.5,983.6497,0.914,0.688,267.3,271.6,-10.06,-7.938
