"TOA5","1481","CR3000","1481","CR3000.Std.32.06","CPU:AWS_MaggieMay_no_sonic_v3.CR3","13840","Res_data_1_min"
"TIMESTAMP","RECORD","BattV","temperature_1","temperature_2","rel_humidity_1","rel_humidity_2","wind_speed_1","wind_speed_2","gust_speed_1","gust_speed_2","wind_direction_1","wind_direction_2","air_pressure","SWup","SWdown","LWup","LWdown","CNR1_T_degC","ground_temperature"
"TS","RN","Volts","degC","degC","%","%","m/s","m/s","m/s","m/s","deg","deg","hPa","W/m^2","W/m^2","W/m^2","W/m^2","degC","degC"
"","","Min","Avg","Avg","Smp","Smp","Avg","Avg","Max","Max","Smp","Smp","Avg","Avg","Avg","Avg","Avg","Avg","Avg"
"2025-03-03 17:31:00",3173,11.99,-10.3,-10.33,87.9,87.7,7.604,8.34,8.75,9.41,230.6,64.48,984.1796,0.054,-0.999,267.5,231.7,-10.26,-6.816
"2025-03-03 17:32:00",3174,11.99,-10.33,-10.36,87.8,87.8,7.755,8.14,9.27,10,230.6,57.16,984.218,0.008,-1.045,267.6,235.1,-10.29,-6.832
"2025-03-03 17:33:00",3175,11.99,-10.34,-10.37,87.8,87.7,7.685,8.3,9.06,9.21,230.7,59.01,984.1674,0.13,-0.864,267.5,237,-10.3,-6.842
"2025-03-03 17:34:00",3176,11.99,-10.37,-10.41,87.8,87.7,7.478,8.33,9.42,9.6,231,54.05,984.1628,0.02,-0.937,267.5,237.7,-10.33,-6.858
"2025-03-03 17:35:00",3177,11.99,-10.38,-10.42,87.8,87.6,6.517,7.469,8.6,8.82,231.1,71.53,984.2435,0.091,-0.889,267.4,236.2,-10.34,-6.868
"2025-03-03 17:36:00",3178,11.99,-10.41,-10.45,87.8,87.7,7.55,8.21,9.11,9.7,230.9,67.85,984.2331,0.037,-1.016,267.2,235.4,-10.37,-6.883
"2025-03-03 17:37:00",3179,11.99,-10.39,-10.42,87.8,87.8,7.253,7.951,8.34,9.11,230.6,57.31,984.2389,0.094,-0.979,267.2,233,-10.37,-6.895
"2025-03-03 17:38:00",3180,11.99,-10.38,-10.42,87.8,87.7,7.278,8.03,9.01,9.9,231.8,56.2,984.2581,0.163,-1.065,267.3,236.1,-10.37,-6.908
"2025-03-03 17:39:00",3181,11.99,-10.37,-10.41,87.8,87.7,7.211,7.922,8.39,9.31,231.8,60.77,984.2664,0.202,-0.861,268.2,246.9,-10.36,-6.92
"2025-03-03 17:40:00",3182,11.99,-10.35,-10.39,87.9,87.7,6.474,7.455,8.34,8.53,231.8,65.89,984.259,0.263,-0.634,269,253.1,-10.33,-6.932
"2025-03-03 17:41:00",3183,11.99,-10.33,-10.38,87.9,87.9,6.447,7.655,7.928,8.82,232.2,68.78,984.2394,0.228,-0.55,269.7,257.1,-10.29,-6.944
"2025-03-03 17:42:00",3184,11.99,-10.29,-10.35,88,87.8,6.106,7.25,7.928,9.02,233.5,77.31,984.2549,0.357,-0.36,270,257.9,-10.24,-6.951
"2025-03-03 17:43:00",3185,11.99,-10.25,-10.31,88.1,88,7.394,8.81,9.37,9.9,232.3,69.95,984.2781,0.325,-0.393,270.8,260.7,-10.18,-6.963
"2025-03-03 17:44:00",3186,11.99,-10.18,-10.24,88.1,88,7.059,8.2,8.39,9.21,232.3,68.06,984.2775,0.44,-0.255,271.1,261.8,-10.12,-6.976
"2025-03-03 17:45:00",3187,11.99,-10.13,-10.2,88.2,88,7.878,8.92,9.73,10.19,232.3,57.93,984.2629,0.45,-0.23,271.4,263,-10.06,-6.989
"2025-03-03 17:46:00",3188,11.99,-10.09,-10.16,88.2,87.9,8.05,8.51,9.37,9.8,232.9,77.64,984.2654,0.478,-0.176,271.7,263,-10,-6.999
"2025-03-03 17:47:00",3189,11.99,-10.07,-10.15,88.1,87.8,6.203,7.58,7.413,8.82,233.5,67.82,984.2894,0.448,-0.121,271.5,264.4,-9.98,-7.013
"2025-03-03 17:48:00",3190,11.99,-10.07,-10.15,88.1,87.9,7.478,8.93,9.37,10.09,233.4,72,984.2825,0.292,-0.221,271.9,265.2,-9.95,-7.018
"2025-03-03 17:49:00",3191,11.99,-10.04,-10.13,88.2,88,6.267,8.18,8.96,9.8,233.3,60.59,984.296,0.293,-0.205,272.1,265.7,-9.92,-7.032
"2025-03-03 17:50:00",3192,11.99,-10.02,-10.11,88.2,88,6.792,9.1,9.27,10.58,234.1,69.02,984.3226,0.295,-0.223,272.3,266.7,-9.88,-7.043
"2025-03-03 17:51:00",3193,11.99,-9.99,-10.09,88.2,88,6.862,8.09,8.24,9.41,234.1,78.99,984.2773,0.304,-0.11,272.2,265.3,-9.85,-7.055
"2025-03-03 17:52:00",3194,11.99,-10,-10.1,88.2,88,6.607,8.39,8.75,9.7,234.9,70.97,984.2626,0.192,-0.083,272,263.4,-9.85,-7.065
"2025-03-03 17:53:00",3195,11.99,-10.01,-10.11,88.2,88,7.987,9.33,10.35,11.47,232.4,59.98,984.2658,0.116,-0.197,272.2,264.1,-9.85,-7.074
"2025-03-03 17:54:00",3196,11.99,-10.01,-10.1,88.1,87.9,8.57,9.59,11.27,11.96,232.6,65.89,984.2522,0.172,-0.248,272.3,264.7,-9.83,-7.085
"2025-03-03 17:55:00",3197,11.99,-10,-10.09,88.1,87.8,9.29,10.51,10.91,12.25,231.1,66.18,984.2349,0.144,-0.435,272.4,263.3,-9.81,-7.098
"2025-03-03 17:56:00",3198,11.99,-9.99,-10.06,88.1,87.6,8.49,9.22,10.97,11.27,230.7,65.34,984.2189,0.244,-0.522,272,260.4,-9.8,-7.113
"2025-03-03 17:57:00",3199,11.99,-10,-10.07,88,87.6,10.18,10.5,11.84,11.66,228.1,60.33,984.2449,0.172,-0.615,271.8,257.7,-9.81,-7.131
"2025-03-03 17:58:00",3200,11.99,-10.01,-10.08,87.9,87.5,8.25,9.23,10.09,10.19,231,67.53,984.2507,0.125,-0.615,271.5,258.5,-9.83,-7.151
"2025-03-03 17:59:00",3201,11.98,-10.04,-10.11,87.9,87.4,9.07,9.55,10.76,11.17,229.5,63.48,984.2006,0.04,-0.726,271.6,260.3,-9.85,-7.163
"2025-03-03 18:00:00",3202,11.99,-10.05,-10.12,87.8,87.3,9.62,10.13,11.27,11.86,228.9,61.32,984.2116,0.125,-0.779,271.6,260.1,-9.85,-7.174
