"TOA5","1481","CR3000","1481","CR3000.Std.32.06","CPU:AWS_MaggieMay_no_sonic_v3.CR3","13840","Res_data_1_min"
"TIMESTAMP","RECORD","BattV","temperature_1","temperature_2","rel_humidity_1","rel_humidity_2","wind_speed_1","wind_speed_2","gust_speed_1","gust_speed_2","wind_direction_1","wind_direction_2","air_pressure","SWup","SWdown","LWup","LWdown","CNR1_T_degC","ground_temperature"
"TS","RN","Volts","degC","degC","%","%","m/s","m/s","m/s","m/s","deg","deg","hPa","W/m^2","W/m^2","W/m^2","W/m^2","degC","degC"
"","","Min","Avg","Avg","Smp","Smp","Avg","Avg","Max","Max","Smp","Smp","Avg","Avg","Avg","Avg","Avg","Avg","Avg"
"2025-03-05 10:31:00",5633,12.24,-11.22,-11.3,84,85.1,4.967,5.431,6.435,6.37,339.2,60.66,981.6519,42.78,46.58,267.2,261.7,-10.64,-10.21
"2025-03-05 10:32:00",5634,12.24,-11.2,-11.28,84,84.9,4.784,5.158,6.126,6.272,339.5,77.92,981.6058,40.88,44.31,267.4,261.8,-10.63,-10.21
"2025-03-05 10:33:00",5635,12.24,-11.17,-11.26,84,84.7,4.221,5.521,5.508,6.762,339.2,70.75,981.6571,40.34,43.64,267.3,260.6,-10.63,-10.2
"2025-03-05 10:34:00",5636,12.24,-11.14,-11.23,84,84.5,5.144,5.517,6.281,6.076,339.2,62.01,981.6089,40.82,44.21,267.2,259.2,-10.63,-10.2
"2025-03-05 10:35:00",5637,12.24,-11.13,-11.21,83.9,84.5,4.79,4.991,5.869,6.076,339.2,54.71,981.5714,40.25,43.62,267.1,258.6,-10.63,-10.19
"2025-03-05 10:36:00",5638,12.24,-11.12,-11.2,83.6,84.2,4.476,4.575,5.56,5.488,339.2,58.48,981.619,39.51,42.67,267.1,260.1,-10.61,-10.19
"2025-03-05 10:37:00",5639,12.24,-11.11,-11.19,83.5,84,4.35,5.067,5.56,6.958,339.2,64.49,981.635,39.95,43.11,267.4,261.6,-10.61,-10.19
"2025-03-05 10:38:00",5640,12.24,-11.09,-11.17,83.4,83.8,4.341,5.757,5.869,7.252,339.5,82,981.6905,39.88,42.99,267.5,261.7,-10.6,-10.18
"2025-03-05 10:39:00",5641,12.24,-11.08,-11.16,83.1,83.2,3.942,5.838,6.641,6.958,339.4,76,981.6743,39.19,42.18,267.4,261.7,-10.59,-10.18
"2025-03-05 10:40:00",5642,12.24,-11.08,-11.15,82.9,83.1,3.304,4.828,4.788,6.076,339.6,72.39,981.6848,38.26,41.13,267.3,261,-10.58,-10.17
"2025-03-05 10:41:00",5643,12.24,-11.06,-11.14,82.8,83,4.633,5.501,5.714,6.566,339.6,67.82,981.6977,38.34,41.24,267.4,261.6,-10.57,-10.17
"2025-03-05 10:42:00",5644,12.24,-11.03,-11.11,82.7,82.9,4.151,4.962,5.097,5.88,339.6,74.51,981.655,38.74,41.72,267.4,261.8,-10.56,-10.17
"2025-03-05 10:43:00",5645,12.24,-11.03,-11.11,82.7,82.9,4.334,5.73,5.611,6.86,339.6,76.28,981.6524,38.7,41.67,267.6,262,-10.56,-10.16
"2025-03-05 10:44:00",5646,12.24,-11.01,-11.09,82.6,82.8,4.033,5.607,5.972,6.762,339.2,81.7,981.6772,38.7,41.77,267.5,260.7,-10.55,-10.16
"2025-03-05 10:45:00",5647,12.24,-11.03,-11.12,82.7,83.3,3.88,5.486,6.384,6.664,339.6,72.91,981.6452,39.14,42.36,267.3,259.5,-10.55,-10.16
"2025-03-05 10:46:00",5648,12.24,-11.05,-11.13,82.8,83.4,4.025,5.931,5.714,6.566,339.2,70.98,981.6264,39.25,42.44,267.3,260,-10.57,-10.15
"2025-03-05 10:47:00",5649,12.24,-11.06,-11.15,82.9,83.5,3.733,5.967,5.663,6.566,339.2,78.14,981.6783,39.16,42.27,267.3,261.1,-10.58,-10.15
"2025-03-05 10:48:00",5650,12.24,-11.09,-11.17,83,83.5,2.843,5.022,3.604,6.076,339.5,79.35,981.6649,38.82,41.93,267.3,260.9,-10.59,-10.15
"2025-03-05 10:49:00",5651,12.24,-11.09,-11.17,83,83.3,3.343,5.628,4.221,7.056,339.2,82,981.6318,40.48,43.83,267.3,260.5,-10.59,-10.14
"2025-03-05 10:50:00",5652,12.24,-11.08,-11.16,83,83.4,3.394,4.978,4.942,6.468,339.2,81.7,981.6436,41.06,44.48,267.3,258.7,-10.57,-10.14
"2025-03-05 10:51:00",5653,12.24,-11.08,-11.16,83,83.4,3.143,5.204,4.273,6.174,339.2,79.03,981.6082,39.61,42.82,266.8,254.9,-10.57,-10.13
"2025-03-05 10:52:00",5654,12.24,-11.1,-11.18,83.1,83.7,2.855,3.992,4.17,5.39,339.3,86,981.5925,39.05,42.13,266.2,253.1,-10.6,-10.12
"2025-03-05 10:53:00",5655,12.24,-11.11,-11.19,83.1,83.8,4.529,4.902,5.405,5.978,339.2,58.75,981.6493,40.86,44.14,266.4,255.9,-10.6,-10.12
"2025-03-05 10:54:00",5656,12.24,-11.1,-11.18,83.2,83.7,4.954,5.348,6.589,6.762,339.2,64.67,981.6794,40.52,43.71,266.9,257.6,-10.6,-10.11
"2025-03-05 10:55:00",5657,12.24,-11.04,-11.13,82.9,83,3.806,5.222,6.744,6.86,339.2,76.41,981.6335,39.66,42.61,266.8,256,-10.58,-10.11
"2025-03-05 10:56:00",5658,12.24,-11.01,-11.09,82.6,82.6,3.209,5.393,5.045,7.154,339.5,85,981.6376,40.5,43.57,267,256.9,-10.56,-10.1
"2025-03-05 10:57:00",5659,12.24,-10.98,-11.05,82.4,82.3,2.845,4.637,4.015,5.978,339.2,75.77,981.6191,40.29,43.36,266.9,256.1,-10.54,-10.1
"2025-03-05 10:58:00",5660,12.24,-10.94,-11.01,82.3,81.8,3.388,4.405,5.148,5.586,339.5,95.1,981.6712,39.56,42.4,266.8,255.4,-10.51,-10.1
"2025-03-05 10:59:00",5661,12.24,-10.9,-10.96,82,81.2,3.198,4.879,5.766,5.586,339.2,76.42,981.6678,40.72,43.65,267,256.2,-10.49,-10.09
"2025-03-05 11:00:00",5662,12.24,-10.86,-10.92,81.7,81.1,3.327,5.356,4.427,7.742,339.2,77.66,981.6671,41.96,45.16,267.1,257.3,-10.46,-10.09
