"TOA5","1481","CR3000","1481","CR3000.Std.32.06","CPU:AWS_MaggieMay_no_sonic_v3.CR3","13840","Res_data_1_min"
"TIMESTAMP","RECORD","BattV","temperature_1","temperature_2","rel_humidity_1","rel_humidity_2","wind_speed_1","wind_speed_2","gust_speed_1","gust_speed_2","wind_direction_1","wind_direction_2","air_pressure","SWup","SWdown","LWup","LWdown","CNR1_T_degC","ground_temperature"
"TS","RN","Volts","degC","degC","%","%","m/s","m/s","m/s","m/s","deg","deg","hPa","W/m^2","W/m^2","W/m^2","W/m^2","degC","degC"
"","","Min","Avg","Avg","Smp","Smp","Avg","Avg","Max","Max","Smp","Smp","Avg","Avg","Avg","Avg","Avg","Avg","Avg"
"2025-03-03 19:01:00",3263,11.97,-10.43,-10.52,87.7,87.2,5.896,9.92,9.01,12.84,220.3,83.2,984.2012,0.153,-0.214,270.6,263.4,-10.26,-7.606
"2025-03-03 19:02:00",3264,11.97,-10.4,-10.47,87.7,87,7.296,10.33,10.3,11.86,217.9,73.15,984.1866,0.214,-0.188,270.8,264,-10.22,-7.614
"2025-03-03 19:03:00",3265,11.97,-10.38,-10.46,87.6,87,7.241,9.71,9.63,10.88,221.4,69.92,984.1688,0.259,-0.119,270.7,263.6,-10.2,-7.619
"2025-03-03 19:04:00",3266,11.97,-10.39,-10.48,87.6,87.1,5.942,8.36,8.49,9.51,222,70.63,984.1892,0.156,-0.156,270.6,263.3,-10.21,-7.625
"2025-03-03 19:05:00",3267,11.97,-10.41,-10.5,87.6,87.3,6.797,8.55,9.21,10.29,220.6,63.87,984.174,0.077,-0.202,270.6,263.2,-10.21,-7.632
"2025-03-03 19:06:00",3268,11.97,-10.42,-10.51,87.6,87.4,6.709,8.54,8.55,10.09,222.4,70.39,984.1809,0.071,-0.234,270.6,263.5,-10.21,-7.637
"2025-03-03 19:07:00",3269,11.97,-10.41,-10.51,87.7,87.4,7.414,9.34,9.16,10.88,221.1,70.48,984.1986,0.087,-0.228,270.7,263.1,-10.2,-7.644
"2025-03-03 19:08:00",3270,11.97,-10.4,-10.49,87.7,87.4,8.32,10.1,10.71,11.37,221.7,71.13,984.2081,0.09,-0.216,270.7,261.4,-10.19,-7.645
"2025-03-03 19:09:00",3271,11.97,-10.38,-10.47,87.7,87.2,8.95,10.74,11.63,12.45,218.4,73.96,984.1904,0.119,-0.258,270.6,258.7,-10.18,-7.654
"2025-03-03 19:10:00",3272,11.97,-10.37,-10.45,87.7,87.2,8.34,10.27,10.71,12.05,217.4,62.36,984.2414,0.173,-0.282,270.3,256.9,-10.18,-7.66
"2025-03-03 19:11:00",3273,11.97,-10.38,-10.47,87.7,87.3,7.769,9.35,10.35,11.07,219.1,61.66,984.2345,0.078,-0.31,270.4,260.5,-10.2,-7.664
"2025-03-03 19:12:00",3274,11.97,-10.39,-10.49,87.6,87.3,7.628,9.44,10.19,11.07,218.5,59.46,984.1946,0.044,-0.309,270.5,261.1,-10.2,-7.669
"2025-03-03 19:13:00",3275,11.97,-10.4,-10.49,87.7,87.3,8.39,9.82,10.66,10.78,217.4,66.76,984.2119,0.077,-0.295,270.2,256.1,-10.2,-7.67
"2025-03-03 19:14:00",3276,11.97,-10.4,-10.49,87.6,87.2,7.211,10.36,10.76,12.15,217.4,67.71,984.2039,0.076,-0.374,270.2,259.8,-10.21,-7.676
"2025-03-03 19:15:00",3277,11.97,-10.4,-10.49,87.6,87.1,7.993,9.82,10.71,11.76,214.5,68.52,984.232,0.066,-0.328,270.5,261.8,-10.2,-7.688
"2025-03-03 19:16:00",3278,11.97,-10.41,-10.49,87.6,87.2,7.799,9.57,9.83,11.07,214.5,69.06,984.2317,0.057,-0.301,270.5,261.7,-10.2,-7.694
"2025-03-03 19:17:00",3279,11.97,-10.41,-10.5,87.6,87.3,7.269,8.8,9.27,10.29,215.7,81.7,984.2411,0.091,-0.248,270.5,261.9,-10.2,-7.7
"2025-03-03 19:18:00",3280,11.97,-10.42,-10.52,87.6,87.4,6.795,9.04,8.85,10.98,212.2,67.52,984.249,0.053,-0.258,270.5,262,-10.22,-7.703
"2025-03-03 19:19:00",3281,11.97,-10.44,-10.54,87.6,87.4,7.065,8.86,9.37,10.58,210.5,73.66,984.2259,0.015,-0.278,270.4,261.5,-10.22,-7.702
"2025-03-03 19:20:00",3282,11.97,-10.44,-10.54,87.6,87.4,6.537,8.38,8.49,10.58,211.7,76.25,984.2673,0.053,-0.266,270.3,260.6,-10.22,-7.704
"2025-03-03 19:21:00",3283,11.97,-10.44,-10.53,87.6,87.2,7.339,9.73,10.5,11.47,210.6,70.49,984.2598,0.023,-0.36,270.4,260,-10.22,-7.708
"2025-03-03 19:22:00",3284,11.97,-10.43,-10.52,87.6,87.2,6.491,8.5,9.06,9.6,209.9,72.9,984.2906,0.121,-0.299,270.1,258.4,-10.22,-7.71
"2025-03-03 19:23:00",3285,11.97,-10.44,-10.54,87.6,87.2,6.945,8.35,8.96,9.9,210.5,70.24,984.303,0.08,-0.348,269.7,255.2,-10.24,-7.714
"2025-03-03 19:24:00",3286,11.97,-10.46,-10.56,87.6,87.2,6.096,9.67,8.85,12.05,211.7,69.33,984.2629,0.02,-0.439,269.6,253.1,-10.26,-7.716
"2025-03-03 19:25:00",3287,11.97,-10.48,-10.56,87.5,87,6.326,9.39,9.42,10.78,214,70.26,984.2678,0.042,-0.524,269.4,252.8,-10.28,-7.717
"2025-03-03 19:26:00",3288,11.97,-10.48,-10.57,87.5,86.9,6.721,9.65,9.42,10.68,214.3,79.35,984.2855,0.061,-0.514,269.6,257.2,-10.29,-7.72
"2025-03-03 19:27:00",3289,11.97,-10.48,-10.57,87.5,87,6.973,9.38,9.99,10.78,214,66.07,984.2903,0.067,-0.455,269.8,259.7,-10.29,-7.722
"2025-03-03 19:28:00",3290,11.97,-10.49,-10.58,87.5,87,7.32,9.81,10.55,12.35,210.6,78.85,984.2758,0.028,-0.406,270.2,262.9,-10.29,-7.729
"2025-03-03 19:29:00",3291,11.97,-10.48,-10.56,87.5,86.6,8.44,11.13,11.07,12.25,211.4,70.67,984.2713,0.096,-0.305,270.2,260,-10.27,-7.733
"2025-03-03 19:30:00",3292,11.97,-10.47,-10.54,87.4,86.5,8.41,10.28,10.91,11.86,209.6,65.76,984.2717,0.113,-0.311,269.8,255,-10.27,-7.738
