"TOA5","1481","CR3000","1481","CR3000.Std.32.06","CPU:AWS_MaggieMay_no_sonic_v3.CR3","13840","Res_data_1_min"
"TIMESTAMP","RECORD","BattV","temperature_1","temperature_2","rel_humidity_1","rel_humidity_2","wind_speed_1","wind_speed_2","gust_speed_1","gust_speed_2","wind_direction_1","wind_direction_2","air_pressure","SWup","SWdown","LWup","LWdown","CNR1_T_degC","ground_temperature"
"TS","RN","Volts","degC","degC","%","%","m/s","m/s","m/s","m/s","deg","deg","hPa","W/m^2","W/m^2","W/m^2","W/m^2","degC","degC"
"","","Min","Avg","Avg","Smp","Smp","Avg","Avg","Max","Max","Smp","Smp","Avg","Avg","Avg","Avg","Avg","Avg","Avg"
"2025-03-09 14:01:00",11602,12.05,-10.49,-10.51,78.18,79.48,3.585,3.667,4.427,4.508,345.4,51.9,984.7888,43.51,49.31,266.3,242.3,-10.07,-9.13
"2025-03-09 14:02:00",11603,12.05,-10.47,-10.5,77.77,78.96,2.681,2.778,3.655,3.43,345.4,39.35,984.7375,42.31,47.75,265,239,-10.09,-9.12
"2025-03-09 14:03:00",11604,12.05,-10.53,-10.53,77.52,78.69,2.441,2.497,3.089,3.234,345.4,56.21,984.74,40.89,46.01,263.9,234.8,-10.14,-9.12
"2025-03-09 14:04:00",11605,12.05,-10.56,-10.57,78.19,79.44,2.731,2.808,3.295,3.43,345.4,40,984.72,40.19,45.19,263.8,232.3,-10.17,-9.12
"2025-03-09 14:05:00",11606,12.05,-10.51,-10.53,78.12,79.35,3.114,3.175,3.707,3.822,345.4,42.02,984.7062,40.38,45.31,263.3,230.8,-10.2,-9.12
"2025-03-09 14:06:00",11607,12.04,-10.52,-10.52,77.9,79.12,3.02,3.234,3.655,3.528,345.5,65.11,984.7125,40.65,45.75,263.2,230.8,-10.25,-9.12
"2025-03-09 14:07:00",11608,12.05,-10.59,-10.58,77.49,79.07,1.93,2.559,2.677,2.94,345.5,66.68,984.7236,40.62,45.83,261.5,232.2,-10.32,-9.12
"2025-03-09 14:08:00",11609,12.05,-10.66,-10.63,78.34,79.76,2.705,3.111,3.707,4.214,345.4,69.26,984.7388,39.8,45.05,262.8,234,-10.37,-9.12
"2025-03-09 14:09:00",11610,12.05,-10.65,-10.65,77.76,78.88,1.876,2.303,2.677,2.842,345.4,80.5,984.7275,39.85,44.98,261.9,235.3,-10.4,-9.12
"2025-03-09 14:10:00",11611,12.04,-10.8,-10.8,77.21,78.68,1.476,2.261,2.214,2.842,345.4,96,984.721,38.96,44.05,261.3,237.3,-10.48,-9.11
"2025-03-09 14:11:00",11612,12.04,-10.99,-10.98,77.44,79.23,1.594,2.283,2.574,2.744,345.4,72.63,984.7253,38.09,43.11,261.9,239.7,-10.54,-9.11
"2025-03-09 14:12:00",11613,12.05,-11.11,-11.1,78.64,80.6,2.827,3.059,3.912,3.92,345.4,43.93,984.7302,37.03,41.92,262.9,242.5,-10.6,-9.11
"2025-03-09 14:13:00",11614,12.05,-11.05,-11.04,79.65,81.5,3.639,3.882,4.273,4.606,345.4,53.84,984.7223,36.31,40.94,264.7,244.1,-10.61,-9.11
"2025-03-09 14:14:00",11615,12.04,-10.91,-10.9,79.95,81.3,4.21,4.364,5.045,4.998,345.4,40.67,984.7312,35.8,40.2,265.7,244.3,-10.59,-9.11
"2025-03-09 14:15:00",11616,12.04,-10.76,-10.76,79.69,80.7,4.026,4.175,4.53,4.508,345.4,48.29,984.7244,35.71,39.98,266.1,245.9,-10.55,-9.11
"2025-03-09 14:16:00",11617,12.04,-10.65,-10.66,79.45,80.4,4.105,4.354,4.633,4.802,345.4,51.41,984.6914,35.34,39.53,266.7,248.5,-10.52,-9.11
"2025-03-09 14:17:00",11618,12.04,-10.58,-10.59,79.19,80.1,4.14,4.256,4.994,5.292,345.4,49.13,984.7479,34.98,39.1,267.4,250.7,-10.48,-9.11
"2025-03-09 14:18:00",11619,12.04,-10.56,-10.57,79.11,80.1,4.275,4.503,4.942,4.998,345.4,50.8,984.7178,34.32,38.33,267.5,252.2,-10.44,-9.11
"2025-03-09 14:19:00",11620,12.04,-10.57,-10.57,78.71,79.67,3.755,3.954,4.582,4.508,345.4,48.38,984.7619,33.46,37.34,266.9,252.5,-10.43,-9.1
"2025-03-09 14:20:00",11621,12.04,-10.64,-10.63,79.24,80.6,4.152,4.459,4.994,5.292,345.4,45.98,984.7679,32.43,36.32,267.6,253.2,-10.44,-9.1
"2025-03-09 14:21:00",11622,12.04,-10.56,-10.57,79.33,80.2,4.188,4.268,4.942,4.9,345.4,42.37,984.7676,31.97,35.74,268,252.5,-10.39,-9.1
"2025-03-09 14:22:00",11623,12.04,-10.53,-10.55,79.12,80.2,4.074,4.168,4.736,4.704,345.4,48.49,984.7979,31.39,35.09,267.3,251.2,-10.37,-9.1
"2025-03-09 14:23:00",11624,12.04,-10.55,-10.57,79.05,80.2,3.548,3.698,4.118,4.018,345.4,56.41,984.7618,30.66,34.25,266.8,250,-10.38,-9.1
"2025-03-09 14:24:00",11625,12.04,-10.63,-10.63,79.01,80.2,3.277,3.381,3.707,3.822,345.4,49.25,984.7796,29.92,33.42,266.2,248.8,-10.41,-9.1
"2025-03-09 14:25:00",11626,12.04,-10.74,-10.74,79.45,80.9,3.703,3.78,4.736,5.194,345.4,45.22,984.7728,28.91,32.32,265.8,247.1,-10.45,-9.1
"2025-03-09 14:26:00",11627,12.04,-10.75,-10.76,80.2,81.6,4.509,4.678,5.199,5.292,345.4,50.41,984.7686,28.32,31.6,266.3,246.1,-10.48,-9.1
"2025-03-09 14:27:00",11628,12.04,-10.69,-10.71,80.1,81.2,4.278,4.392,5.097,5.096,345.5,46.57,984.7299,28.24,31.46,266.3,246.1,-10.49,-9.1
"2025-03-09 14:28:00",11629,12.04,-10.7,-10.72,80,81.3,3.824,4.034,4.221,4.606,345.4,49.87,984.7639,27.95,31.13,266,245.5,-10.5,-9.1
"2025-03-09 14:29:00",11630,12.04,-10.74,-10.75,79.97,81.2,3.449,3.525,4.067,3.92,345.4,43.17,984.7512,27.47,30.54,265.6,242.5,-10.52,-9.1
"2025-03-09 14:30:00",11631,12.04,-10.77,-10.79,80.3,81.6,4.32,4.526,5.045,5.194,345.4,39.59,984.7776,26.47,29.29,265.1,238.4,-10.56,-9.09
