"TOA5","1481","CR3000","1481","CR3000.Std.32.06","CPU:AWS_MaggieMay_no_sonic_v3.CR3","13840","Res_data_1_min"
"TIMESTAMP","RECORD","BattV","temperature_1","temperature_2","rel_humidity_1","rel_humidity_2","wind_speed_1","wind_speed_2","gust_speed_1","gust_speed_2","wind_direction_1","wind_direction_2","air_pressure","SWup","SWdown","LWup","LWdown","CNR1_T_degC","ground_temperature"
"TS","RN","Volts","degC","degC","%","%","m/s","m/s","m/s","m/s","deg","deg","hPa","W/m^2","W/m^2","W/m^2","W/m^2","degC","degC"
"","","Min","Avg","Avg","Smp","Smp","Avg","Avg","Max","Max","Smp","Smp","Avg","Avg","Avg","Avg","Avg","Avg","Avg"
"2025-03-02 04:01:00",923,12.22,-5.33,-5.333,86.3,83,5.99,6.107,8.85,9.11,223.6,26.91,984.1329,-0.053,-0.287,290.1,284.1,-5.102,-5.36
"2025-03-02 04:02:00",924,12.22,-5.364,-5.359,86.1,82.4,6.868,6.912,9.27,9.31,223.7,45.9,984.1797,-0.076,-0.311,290.1,283.6,-5.124,-5.361
"2025-03-02 04:03:00",925,12.22,-5.377,-5.375,86.1,82.9,4.831,4.956,6.178,6.076,223.7,61.22,984.205,-0.071,-0.297,289.8,283,-5.143,-5.363
"2025-03-02 04:04:00",926,12.22,-5.403,-5.413,86.2,83,4.331,5.566,6.435,7.154,223.8,55.54,984.1841,-0.183,-0.443,289.7,282,-5.178,-5.36
"2025-03-02 04:05:00",927,12.22,-5.405,-5.412,86.2,82.9,5.233,6.252,6.692,9.02,224,59.7,984.1852,-0.135,-0.434,289.7,281,-5.185,-5.362
"2025-03-02 04:06:00",928,12.22,-5.367,-5.379,86,82.2,5.347,5.517,7.465,7.546,223.7,22.01,984.2029,0.102,-0.267,289.6,279.9,-5.182,-5.362
"2025-03-02 04:07:00",929,12.22,-5.358,-5.366,85.6,81.5,5.931,6.035,8.44,8.72,223.7,14.67,984.1786,0.059,-0.333,289.5,279.6,-5.181,-5.364
"2025-03-02 04:08:00",930,12.22,-5.325,-5.332,85.2,81.2,8.49,8.48,11.43,11.07,224.1,13.29,984.1461,0.107,-0.31,289.9,280.6,-5.184,-5.364
"2025-03-02 04:09:00",931,12.22,-5.316,-5.323,84.8,80.8,7.002,6.902,9.06,8.72,224.1,10.23,984.1657,0.044,-0.354,290.1,281.4,-5.167,-5.364
"2025-03-02 04:10:00",932,12.21,-5.276,-5.285,84.5,80.6,6.498,6.479,10.6,10.58,224.2,8.48,984.1996,0.276,-0.113,290,282.1,-5.129,-5.365
"2025-03-02 04:11:00",933,12.22,-5.284,-5.301,84.2,81.1,6.244,6.277,9.63,9.7,224.6,9.57,984.1428,0.183,-0.162,289.8,281.8,-5.142,-5.366
"2025-03-02 04:12:00",934,12.22,-5.302,-5.326,84.1,81.1,8.32,8.27,10.04,10,224.3,10.12,984.1238,0.139,-0.181,289.8,281.7,-5.155,-5.364
"2025-03-02 04:13:00",935,12.22,-5.326,-5.347,84.1,81,8.8,8.82,11.43,11.56,224.3,24.23,984.1106,-0.075,-0.377,289.9,281.4,-5.182,-5.363
"2025-03-02 04:14:00",936,12.22,-5.293,-5.315,84,80.4,6.627,6.88,9.88,9.7,226,63.77,984.1523,0.004,-0.315,290,279.6,-5.167,-5.362
"2025-03-02 04:15:00",937,12.22,-5.259,-5.282,83.7,80.4,5.55,5.627,7.104,6.762,225.9,24.4,984.1314,0.291,-0.087,289.2,277,-5.154,-5.361
"2025-03-02 04:16:00",938,12.22,-5.304,-5.327,83.6,80.9,5.839,5.859,7.928,7.644,225.9,17.28,984.1097,0.061,-0.358,289,277.8,-5.185,-5.36
"2025-03-02 04:17:00",939,12.22,-5.35,-5.376,83.8,81.3,6.059,6.069,7.413,7.742,226,28.22,984.1149,0.016,-0.415,288.9,279,-5.214,-5.36
"2025-03-02 04:18:00",940,12.22,-5.4,-5.431,83.9,81.5,6.339,6.331,7.773,7.546,226,29.58,984.1398,-0.124,-0.506,288.8,278,-5.25,-5.36
"2025-03-02 04:19:00",941,12.22,-5.431,-5.469,84.1,81.7,6.972,6.992,8.13,8.04,226,28.74,984.0722,-0.186,-0.569,288.8,276.8,-5.279,-5.36
"2025-03-02 04:20:00",942,12.22,-5.446,-5.478,84.2,82,7.514,7.616,9.27,9.8,225.2,19.04,984.0673,-0.073,-0.515,288.8,277,-5.306,-5.358
"2025-03-02 04:21:00",943,12.22,-5.487,-5.514,84.4,82.3,7.529,7.631,9.21,9.41,225.3,20.57,984.0311,-0.154,-0.577,288.8,276.7,-5.339,-5.358
"2025-03-02 04:22:00",944,12.22,-5.475,-5.499,84.5,81.8,7.022,7.095,8.55,8.53,225.2,16.39,984.0476,-0.138,-0.609,289.1,277,-5.332,-5.357
"2025-03-02 04:23:00",945,12.22,-5.421,-5.435,84.4,81.5,7.591,7.763,8.44,8.62,225.3,31.77,984.0178,0.077,-0.412,289,274,-5.32,-5.358
"2025-03-02 04:24:00",946,12.22,-5.405,-5.42,84.1,81.5,7.019,7.061,8.85,8.92,225.2,23.46,983.9996,0.223,-0.34,288.6,273.7,-5.325,-5.357
"2025-03-02 04:25:00",947,12.22,-5.441,-5.455,84.2,82,8.5,8.64,9.94,10,224.9,30.88,984.0072,-0.008,-0.527,288.7,274,-5.357,-5.358
"2025-03-02 04:26:00",948,12.22,-5.455,-5.473,84.4,82.2,7.731,7.855,9.88,10,225.2,35.1,984.0565,0.01,-0.51,288.7,270.6,-5.362,-5.357
"2025-03-02 04:27:00",949,12.22,-5.476,-5.501,84.4,82.5,8.28,8.42,10.09,9.8,224.3,42.33,984.0286,0.096,-0.491,288,264.8,-5.389,-5.357
"2025-03-02 04:28:00",950,12.22,-5.495,-5.515,84.5,82.5,8.21,8.33,10.4,10.39,223.7,37.15,984.0309,-0.021,-0.728,287.9,262.4,-5.418,-5.357
"2025-03-02 04:29:00",951,12.22,-5.46,-5.477,84.3,82,7.344,7.374,8.85,8.82,224,56.55,984.0569,0.166,-0.597,288.1,268.6,-5.409,-5.358
"2025-03-02 04:30:00",952,12.22,-5.47,-5.495,84.3,82.2,7.082,7.161,8.6,8.92,223.2,39.23,984.0851,0.076,-0.604,288.6,275.8,-5.421,-5.358
