"TOA5","1481","CR3000","1481","CR3000.Std.32.06","CPU:AWS_MaggieMay_no_sonic_v3.CR3","13840","Res_data_1_min"
"TIMESTAMP","RECORD","BattV","temperature_1","temperature_2","rel_humidity_1","rel_humidity_2","wind_speed_1","wind_speed_2","gust_speed_1","gust_speed_2","wind_direction_1","wind_direction_2","air_pressure","SWup","SWdown","LWup","LWdown","CNR1_T_degC","ground_temperature"
"TS","RN","Volts","degC","degC","%","%","m/s","m/s","m/s","m/s","deg","deg","hPa","W/m^2","W/m^2","W/m^2","W/m^2","degC","degC"
"","","Min","Avg","Avg","Smp","Smp","Avg","Avg","Max","Max","Smp","Smp","Avg","Avg","Avg","Avg","Avg","Avg","Avg"
"2025-03-09 04:01:00",11003,11.57,-12.73,-12.78,76.05,76.71,1.817,1.715,2.162,2.058,344,282,983.8953,1.241,-0.302,258.2,253.5,-13.13,-9.69
"2025-03-09 04:02:00",11004,11.57,-12.7,-12.76,75.7,76.61,1.831,1.717,2.42,2.254,344.2,290.7,983.8539,1.166,-0.302,258,253.5,-13.11,-9.69
"2025-03-09 04:03:00",11005,11.56,-12.67,-12.75,75.87,76.98,1.94,1.741,2.162,2.156,344,281.7,983.8973,1.126,-0.305,258.1,253.8,-13.08,-9.69
"2025-03-09 04:04:00",11006,11.57,-12.63,-12.72,75.87,77.03,1.602,1.351,2.059,1.764,344.1,271.8,983.8892,1.121,-0.352,258.3,254.1,-13.04,-9.69
"2025-03-09 04:05:00",11007,11.57,-12.6,-12.7,75.62,76.84,1.495,1.259,1.905,1.666,344,234.8,983.8534,1.187,-0.364,258.2,254.1,-13.01,-9.69
"2025-03-09 04:06:00",11008,11.57,-12.57,-12.67,75.53,76.8,1.517,1.125,2.059,1.372,344,192.5,983.8434,1.26,-0.405,258.4,254.2,-12.98,-9.69
"2025-03-09 04:07:00",11009,11.57,-12.54,-12.65,75.46,76.69,1.083,0.648,1.493,1.078,344.2,207.7,983.8835,1.363,-0.32,258.5,254.2,-12.96,-9.69
"2025-03-09 04:08:00",11010,11.57,-12.53,-12.64,75.36,76.56,0.665,0.25,1.236,0.588,344,200.5,983.8088,1.341,-0.305,258.2,254,-12.95,-9.69
"2025-03-09 04:09:00",11011,11.57,-12.53,-12.64,75.19,76.33,0.632,0.351,0.978,0.686,344.2,242.1,983.8102,1.206,-0.304,257.7,253.8,-12.94,-9.69
"2025-03-09 04:10:00",11012,11.57,-12.56,-12.67,74.95,76.37,0.764,0.451,0.978,0.686,344.3,248.8,983.7935,0.977,-0.281,257.3,253.6,-12.95,-9.69
"2025-03-09 04:11:00",11013,11.56,-12.6,-12.7,75.11,76.68,0.616,0.292,0.978,0.686,344.2,229.5,983.8134,0.515,-0.252,256.9,253.7,-12.96,-9.69
"2025-03-09 04:12:00",11014,11.57,-12.59,-12.7,75.43,77.01,0.526,0.15,0.875,0.784,344.2,229.5,983.8199,0.483,-0.302,257.2,253.9,-12.96,-9.69
"2025-03-09 04:13:00",11015,11.56,-12.57,-12.68,75.59,77.12,0.577,0.149,0.721,0.392,344.2,229.5,983.8018,0.597,-0.302,257,253.9,-12.96,-9.69
"2025-03-09 04:14:00",11016,11.57,-12.56,-12.67,75.68,77.18,0.311,0.011,0.618,0.294,344.2,229.5,983.8441,0.607,-0.304,257.1,253.9,-12.95,-9.69
"2025-03-09 04:15:00",11017,11.57,-12.54,-12.66,75.69,77.15,0.347,0,0.463,0,344.2,229.5,983.8242,0.658,-0.301,256.9,253.9,-12.94,-9.69
"2025-03-09 04:16:00",11018,11.57,-12.53,-12.65,75.67,77.13,0.621,0.273,0.824,0.49,344.2,229.5,983.8582,0.638,-0.304,256.8,253.8,-12.94,-9.69
"2025-03-09 04:17:00",11019,11.57,-12.54,-12.65,75.51,76.96,0.992,0.658,1.236,0.784,344.3,248.3,983.8358,0.544,-0.292,256.8,253.6,-12.94,-9.68
"2025-03-09 04:18:00",11020,11.56,-12.56,-12.67,75.38,76.9,1.119,0.83,1.287,0.98,344.3,264.4,983.8178,0.3,-0.216,256.8,253.5,-12.95,-9.68
"2025-03-09 04:19:00",11021,11.56,-12.6,-12.7,75.24,76.77,1.344,1.215,1.544,1.47,344.2,250.6,983.809,0.127,-0.199,257,253.5,-12.95,-9.68
"2025-03-09 04:20:00",11022,11.57,-12.67,-12.73,75.27,76.7,1.517,1.349,1.853,1.666,344.3,250.5,983.8253,0.108,-0.166,257,253.4,-12.97,-9.68
"2025-03-09 04:21:00",11023,11.56,-12.73,-12.78,75.73,77.24,1.511,1.287,1.853,1.568,344.3,292.4,983.826,-0.09,-0.161,257.1,253.5,-12.99,-9.68
"2025-03-09 04:22:00",11024,11.56,-12.72,-12.78,76.33,77.67,1.388,1.129,1.75,1.568,344.2,276.8,983.8271,0.125,-0.259,258.1,254.2,-12.94,-9.68
"2025-03-09 04:23:00",11025,11.56,-12.66,-12.74,76.4,77.71,0.691,0.387,1.133,0.882,344.2,281.2,983.8367,0.624,-0.244,258.3,254.1,-12.91,-9.68
"2025-03-09 04:24:00",11026,11.56,-12.63,-12.72,75.98,77.25,1.054,0.64,1.441,1.078,344,250,983.8172,0.743,-0.225,257.7,253.7,-12.91,-9.68
"2025-03-09 04:25:00",11027,11.56,-12.67,-12.74,75.44,76.92,1.524,1.204,1.596,1.274,344,246,983.8317,0.419,-0.185,257.4,253.6,-12.94,-9.68
"2025-03-09 04:26:00",11028,11.56,-12.72,-12.77,75.54,77.04,1.555,1.205,1.647,1.372,344,232.9,983.8053,0.081,-0.152,257.3,253.6,-12.96,-9.68
"2025-03-09 04:27:00",11029,11.56,-12.77,-12.8,75.55,77,1.472,1.094,1.596,1.274,344,221.4,983.7985,-0.046,-0.114,257.2,253.7,-12.98,-9.68
"2025-03-09 04:28:00",11030,11.56,-12.81,-12.85,75.66,77.11,1.589,1.297,1.905,1.666,344.1,215.4,983.8241,-0.1,-0.142,257.3,253.7,-12.99,-9.68
"2025-03-09 04:29:00",11031,11.56,-12.85,-12.91,75.75,77.25,1.665,1.463,1.905,1.862,344.1,211.3,983.7963,-0.04,-0.138,257.4,253.7,-13,-9.68
"2025-03-09 04:30:00",11032,11.56,-12.93,-12.99,75.77,77.48,1.51,1.401,1.905,1.862,344,230.8,983.8199,-0.037,-0.083,257.2,253.4,-13.01,-9.68
