"TOA5","1481","CR3000","1481","CR3000.Std.32.06","CPU:AWS_MaggieMay_no_sonic_v3.CR3","13840","Res_data_1_min"
"TIMESTAMP","RECORD","BattV","temperature_1","temperature_2","rel_humidity_1","rel_humidity_2","wind_speed_1","wind_speed_2","gust_speed_1","gust_speed_2","wind_direction_1","wind_direction_2","air_pressure","SWup","SWdown","LWup","LWdown","CNR1_T_degC","ground_temperature"
"TS","RN","Volts","degC","degC","%","%","m/s","m/s","m/s","m/s","deg","deg","hPa","W/m^2","W/m^2","W/m^2","W/m^2","degC","degC"
"","","Min","Avg","Avg","Smp","Smp","Avg","Avg","Max","Max","Smp","Smp","Avg","Avg","Avg","Avg","Avg","Avg","Avg"
"2025-03-03 16:01:00",3083,12.01,-8.59,-8.72,89.5,89.4,5.869,6.958,7.773,8.53,243.3,59.03,984.0431,0.392,0.373,278.6,274.4,-8.33,-6.129
"2025-03-03 16:02:00",3084,12.01,-8.61,-8.73,89.4,89.4,7.161,7.954,8.91,9.31,244.1,66.43,984.0545,0.392,0.338,278.5,274.4,-8.35,-6.132
"2025-03-03 16:03:00",3085,12.01,-8.63,-8.76,89.4,89.3,7.59,9.27,9.78,10.88,243.1,66.43,984.0687,0.393,0.331,278.5,275.1,-8.37,-6.139
"2025-03-03 16:04:00",3086,12.01,-8.68,-8.8,89.3,89.2,8.37,9.2,9.99,10.78,243.1,57.07,984.0667,0.36,0.264,278.4,275,-8.4,-6.144
"2025-03-03 16:05:00",3087,12.01,-8.71,-8.83,89.3,89.2,7.958,8.53,9.94,9.9,243.1,65.8,984.0215,0.305,0.217,278.3,275.2,-8.43,-6.151
"2025-03-03 16:06:00",3088,12.01,-8.73,-8.85,89.3,89.2,6.701,8.6,8.6,9.8,243.1,76.73,984.0244,0.295,0.205,278.3,275.2,-8.44,-6.156
"2025-03-03 16:07:00",3089,12.01,-8.75,-8.88,89.2,89.2,6.647,8.36,8.39,9.41,243.1,64.46,984.0558,0.272,0.197,278.1,275,-8.47,-6.159
"2025-03-03 16:08:00",3090,12.01,-8.77,-8.9,89.2,89.2,6.637,7.717,7.979,9.02,243.1,69.53,984.0048,0.236,0.164,278.1,274.6,-8.5,-6.162
"2025-03-03 16:09:00",3091,12.01,-8.79,-8.91,89.2,89.2,6.125,6.95,7.362,7.84,243,61.69,984.004,0.221,0.119,277.9,274.1,-8.51,-6.167
"2025-03-03 16:10:00",3092,12.01,-8.8,-8.93,89.3,89.2,6.13,6.54,7.876,7.938,243.1,60.35,984.088,0.191,0.078,277.9,274.6,-8.53,-6.176
"2025-03-03 16:11:00",3093,12.01,-8.81,-8.93,89.3,89.2,6.19,6.824,7.207,8.04,243,57.19,984.1021,0.178,0.087,277.9,274.9,-8.54,-6.182
"2025-03-03 16:12:00",3094,12.01,-8.82,-8.95,89.3,89.2,7.519,8.05,8.85,9.21,243.1,67.87,984.069,0.22,0.13,277.9,274.5,-8.55,-6.189
"2025-03-03 16:13:00",3095,12.01,-8.84,-8.96,89.2,89.2,7.298,8.14,8.65,9.21,243.1,67.37,984.0182,0.177,0.085,277.7,274.1,-8.57,-6.193
"2025-03-03 16:14:00",3096,12.01,-8.85,-8.97,89.2,89.2,7.725,8.71,9.32,10,242.5,65.21,984.06,0.164,0.081,277.7,273.9,-8.58,-6.2
"2025-03-03 16:15:00",3097,12.01,-8.86,-8.99,89.2,89.2,8.04,9.05,9.27,9.9,241.6,61.92,984.0723,0.173,0.075,277.6,273.9,-8.59,-6.21
"2025-03-03 16:16:00",3098,12.01,-8.88,-9.01,89.2,89.1,8.17,8.96,9.52,10.49,241.2,58.87,984.0977,0.166,0.08,277.5,274,-8.61,-6.211
"2025-03-03 16:17:00",3099,12.01,-8.94,-9.07,89.1,88.9,9.29,9.89,11.63,11.66,241,57.55,984.003,0.149,0.059,277.1,273.9,-8.66,-6.219
"2025-03-03 16:18:00",3100,12.01,-9,-9.13,89,88.9,8.46,8.97,11.07,11.37,240.8,59.98,984.0689,0.003,-0.073,277,273.9,-8.71,-6.228
"2025-03-03 16:19:00",3101,12.01,-9.03,-9.15,89,88.9,6.757,7.211,8.44,8.04,240.8,59.45,984.0544,0,-0.077,277,273.5,-8.74,-6.235
"2025-03-03 16:20:00",3102,12.01,-9.04,-9.17,89,89,6.46,7.296,7.928,8.33,240.8,62.63,984.1109,0,-0.076,277,273.6,-8.75,-6.24
"2025-03-03 16:21:00",3103,12.01,-9.05,-9.18,89.1,89.1,7.175,8.2,8.49,9.02,240.8,69.72,984.1078,0,-0.076,276.9,273.2,-8.77,-6.247
"2025-03-03 16:22:00",3104,12.01,-9.05,-9.18,89.1,89.1,6.796,7.82,7.876,9.11,240.8,60.47,984.0827,0.021,-0.075,276.9,273.5,-8.78,-6.254
"2025-03-03 16:23:00",3105,12.01,-9.06,-9.19,89.1,89.1,7.367,8.29,8.85,9.8,240.2,62.78,984.0098,0.054,-0.04,276.9,273.3,-8.78,-6.26
"2025-03-03 16:24:00",3106,12.01,-9.07,-9.2,89.1,89,7.415,8.18,9.16,9.7,240.2,59.37,984.0541,0.035,-0.061,276.8,273.6,-8.8,-6.265
"2025-03-03 16:25:00",3107,12.01,-9.09,-9.22,89.1,89,6.758,7.113,8.7,8.53,239.9,55.29,984.0408,0.013,-0.072,276.8,273.8,-8.82,-6.272
"2025-03-03 16:26:00",3108,12.01,-9.11,-9.24,89,88.9,7.918,8.15,9.16,9.31,239.8,60.15,984.0201,0.043,-0.059,276.6,273.2,-8.84,-6.278
"2025-03-03 16:27:00",3109,12.01,-9.13,-9.25,89,89,8.01,8.42,9.58,9.6,239.8,54.97,984.0945,0.005,-0.077,276.6,273.1,-8.85,-6.286
"2025-03-03 16:28:00",3110,12.01,-9.13,-9.26,89.1,89,7.117,7.788,9.32,10.09,239.8,62.07,984.0657,0.005,-0.076,276.6,273.2,-8.86,-6.291
"2025-03-03 16:29:00",3111,12.01,-9.13,-9.26,89,89,7.424,7.941,8.85,8.72,239.7,66.52,984.0612,0.005,-0.076,276.6,273.5,-8.87,-6.296
"2025-03-03 16:30:00",3112,12.01,-9.13,-9.26,89,89,6.484,7.314,7.516,8.43,239.7,59.09,984.0812,0.028,-0.068,276.6,273.5,-8.87,-6.302
