"TOA5","1481","CR3000","1481","CR3000.Std.32.06","CPU:AWS_MaggieMay_no_sonic_v3.CR3","13840","Res_data_1_min"
"TIMESTAMP","RECORD","BattV","temperature_1","temperature_2","rel_humidity_1","rel_humidity_2","wind_speed_1","wind_speed_2","gust_speed_1","gust_speed_2","wind_direction_1","wind_direction_2","air_pressure","SWup","SWdown","LWup","LWdown","CNR1_T_degC","ground_temperature"
"TS","RN","Volts","degC","degC","%","%","m/s","m/s","m/s","m/s","deg","deg","hPa","W/m^2","W/m^2","W/m^2","W/m^2","degC","degC"
"","","Min","Avg","Avg","Smp","Smp","Avg","Avg","Max","Max","Smp","Smp","Avg","Avg","Avg","Avg","Avg","Avg","Avg"
"2025-03-08 01:31:00",9413,11.78,-13.1,-12.8,78.44,79.95,3.318,3.417,4.067,4.214,344.9,236.6,983.9526,0.902,0.93,247.4,213.6,-14.53,-9.1
"2025-03-08 01:32:00",9414,11.78,-12.69,-12.4,79.61,80.1,3.08,3.25,3.964,4.214,344.9,232.8,983.9728,1.177,1.03,248.8,214.7,-14.42,-9.1
"2025-03-08 01:33:00",9415,11.78,-12.36,-12.12,78.52,78.14,3.06,3.193,3.449,4.018,344.9,244.3,983.9151,2.214,1.298,250.6,215.7,-14.23,-9.11
"2025-03-08 01:34:00",9416,11.78,-12.02,-11.84,78.78,77.8,2.41,2.443,3.655,3.724,344.9,229.9,983.9314,3.419,1.646,251.4,216.9,-14.01,-9.11
"2025-03-08 01:35:00",9417,11.78,-11.83,-11.71,76.75,76.22,3.278,3.394,4.015,4.41,344.9,240.1,983.9171,3.537,1.812,251.3,216,-13.89,-9.11
"2025-03-08 01:36:00",9418,11.78,-11.82,-11.72,74.94,74.52,2.827,2.948,3.655,3.724,344.9,282.2,983.934,3.553,1.863,251.5,216,-13.77,-9.11
"2025-03-08 01:37:00",9419,11.78,-11.86,-11.72,77.12,78.36,3.458,3.592,4.685,4.802,344.9,234.1,983.9205,2.656,1.627,253.2,218.6,-13.65,-9.11
"2025-03-08 01:38:00",9420,11.78,-11.55,-11.44,76.95,76.58,2.673,2.953,3.398,3.724,344.9,246.8,983.9234,3.843,1.907,254.8,219.7,-13.4,-9.12
"2025-03-08 01:39:00",9421,11.78,-11.33,-11.25,74.71,74.15,2.628,2.62,3.758,4.116,344.9,313.1,983.9008,4.373,2.036,253.8,219.3,-13.25,-9.12
"2025-03-08 01:40:00",9422,11.78,-11.29,-11.2,72.98,73.56,2.193,2.112,2.986,2.744,344.9,259.2,983.8998,3.334,1.935,250.6,218,-13.28,-9.12
"2025-03-08 01:41:00",9423,11.78,-11.34,-11.25,73.33,73.97,1.669,1.681,2.265,2.156,344.9,292,983.9301,2.637,1.527,248.2,217.7,-13.28,-9.12
"2025-03-08 01:42:00",9424,11.78,-11.38,-11.28,74.5,75.41,1.613,1.555,2.214,2.254,344.9,329.1,983.8956,1.66,1.403,247.2,219.4,-13.31,-9.12
"2025-03-08 01:43:00",9425,11.78,-11.31,-11.21,75.35,75.88,0.923,0.789,1.236,1.176,344.9,305.9,983.9368,1.793,1.038,246.4,220,-13.27,-9.13
"2025-03-08 01:44:00",9426,11.78,-11.22,-11.15,74.73,75.17,0.949,0.913,1.287,1.372,344.9,343.8,983.8789,2.108,0.772,246,220.4,-13.24,-9.13
"2025-03-08 01:45:00",9427,11.78,-11.24,-11.17,74.37,74.89,1.037,0.949,1.39,1.372,344.9,353,983.8832,1.774,0.779,244.4,220.1,-13.28,-9.13
"2025-03-08 01:46:00",9428,11.78,-11.34,-11.28,73.53,74.25,0.968,0.885,1.184,1.274,344.9,6.937,983.8923,1.341,0.769,244.9,220.4,-13.3,-9.13
"2025-03-08 01:47:00",9429,11.78,-11.55,-11.48,73.66,74.97,0.734,0.474,1.287,1.176,344.9,0.095,983.918,0.787,0.876,243.9,220.8,-13.36,-9.14
"2025-03-08 01:48:00",9430,11.78,-11.73,-11.66,73.99,75.18,0.836,0.572,1.081,0.98,344.9,330.8,983.8939,0.369,0.943,242.4,220.9,-13.42,-9.13
"2025-03-08 01:49:00",9431,11.78,-11.94,-11.87,74.19,75.19,0.939,0.818,1.184,1.078,344.9,336.1,983.9227,-0.271,1.062,241.8,220.9,-13.5,-9.14
"2025-03-08 01:50:00",9432,11.78,-12.2,-12.1,73.83,75.56,0.752,0.678,0.927,0.98,344.9,352.5,983.9359,-0.719,1.111,241.8,221.2,-13.58,-9.14
"2025-03-08 01:51:00",9433,11.78,-12.43,-12.29,74.74,76.45,0.425,0.18,0.721,0.686,344.9,352.5,983.9189,-1.289,1.215,240.6,221.8,-13.68,-9.14
"2025-03-08 01:52:00",9434,11.78,-12.58,-12.42,75.08,76.48,0.776,0.513,1.236,0.784,344.9,7.725,983.9329,-1.485,1.215,241,222.6,-13.74,-9.15
"2025-03-08 01:53:00",9435,11.78,-12.74,-12.56,75.22,76.4,0.718,0.583,1.081,1.078,344.9,43.03,983.9189,-1.354,1.215,241.1,223.1,-13.8,-9.15
"2025-03-08 01:54:00",9436,11.78,-12.89,-12.7,75.71,77.68,0.571,0.89,0.824,1.47,344.9,38.23,983.9465,-1.535,1.215,239.4,223.9,-13.87,-9.15
"2025-03-08 01:55:00",9437,11.77,-12.99,-12.75,76.92,79.55,0.527,0.702,0.824,1.274,344.9,36.4,983.8954,-1.74,1.216,238.7,224.8,-13.94,-9.15
"2025-03-08 01:56:00",9438,11.78,-13,-12.71,77.54,79.76,0.051,0.003,0.257,0.098,344.9,36.4,983.9358,-1.828,1.212,239.1,225.3,-14.01,-9.15
"2025-03-08 01:57:00",9439,11.78,-13.07,-12.75,77.57,79.33,0.044,0,0.206,0,344.9,36.4,983.9012,-1.864,1.067,239.3,226.2,-14.07,-9.16
"2025-03-08 01:58:00",9440,11.77,-13.11,-12.81,77.95,79.48,0.041,0,0.154,0,344.9,36.52,983.9213,-1.298,0.863,238.8,226.6,-14.1,-9.16
"2025-03-08 01:59:00",9441,11.78,-13.12,-12.84,78.27,79.52,0.271,0,0.515,0,344.9,50.22,983.944,-0.864,0.721,238.8,226.9,-14.12,-9.16
"2025-03-08 02:00:00",9442,11.77,-13.04,-12.85,78.99,80.4,0.469,0,0.669,0,344.9,58.8,983.9083,-0.41,0.616,239.6,227.4,-14.12,-9.16
