"TOA5","1481","CR3000","1481","CR3000.Std.32.06","CPU:AWS_MaggieMay_no_sonic_v3.CR3","13840","Res_data_1_min"
"TIMESTAMP","RECORD","BattV","temperature_1","temperature_2","rel_humidity_1","rel_humidity_2","wind_speed_1","wind_speed_2","gust_speed_1","gust_speed_2","wind_direction_1","wind_direction_2","air_pressure","SWup","SWdown","LWup","LWdown","CNR1_T_degC","ground_temperature"
"TS","RN","Volts","degC","degC","%","%","m/s","m/s","m/s","m/s","deg","deg","hPa","W/m^2","W/m^2","W/m^2","W/m^2","degC","degC"
"","","Min","Avg","Avg","Smp","Smp","Avg","Avg","Max","Max","Smp","Smp","Avg","Avg","Avg","Avg","Avg","Avg","Avg"
"2025-03-09 22:01:00",12082,11.95,-12.66,-11.99,80.7,82.6,2.26,1.939,2.934,2.646,342,213.8,986.1436,-0.587,-1.983,234.9,195,-15.95,-8.83
"2025-03-09 22:02:00",12083,11.95,-12.37,-11.77,80.7,80.6,2.351,1.855,2.986,2.352,342,221.5,986.14,-0.128,-1.075,233.8,195.4,-15.92,-8.84
"2025-03-09 22:03:00",12084,11.95,-12.75,-12.14,73.36,72.43,3.011,2.858,3.707,3.43,342,237.3,986.1553,-0.168,-1.398,234.9,194.6,-16.04,-8.84
"2025-03-09 22:04:00",12085,11.95,-13.97,-12.85,71.53,77.37,3.322,2.835,3.707,3.332,342,233.7,986.1515,-0.987,-2.673,233.3,194.6,-16.38,-8.84
"2025-03-09 22:05:00",12086,11.95,-14.15,-12.99,77.64,80.3,3.202,2.62,3.604,3.038,342,242.8,986.1614,-2.222,-3.743,234.9,200.1,-16.64,-8.84
"2025-03-09 22:06:00",12087,11.95,-13.95,-12.94,79.86,81.1,3.163,2.484,3.398,3.038,342,238.1,986.1819,-1.611,-2.899,238,206.2,-16.62,-8.84
"2025-03-09 22:07:00",12088,11.95,-13.67,-12.86,81.1,81.6,2.863,2.375,3.295,2.842,342,229.8,986.1718,-0.677,-1.757,239.5,210.6,-16.52,-8.84
"2025-03-09 22:08:00",12089,11.95,-13.42,-12.71,81.1,81.7,2.726,2.274,3.192,2.842,342,218.3,986.2193,0.301,-0.619,240.8,212.3,-16.31,-8.84
"2025-03-09 22:09:00",12090,11.95,-13.17,-12.54,81.6,82.1,2.366,1.895,2.831,2.45,342,228.6,986.1967,1.583,0.581,240.9,211.8,-16.09,-8.84
"2025-03-09 22:10:00",12091,11.95,-12.88,-12.35,81.6,81.6,2.542,2.107,3.037,2.45,342,224.2,986.2239,1.948,0.782,241.9,213.5,-15.93,-8.84
"2025-03-09 22:11:00",12092,11.95,-12.66,-12.2,81,80.9,2.607,2.127,2.986,2.548,342,233.9,986.1912,1.755,0.703,241.9,213.6,-15.84,-8.84
"2025-03-09 22:12:00",12093,11.95,-12.67,-12.2,79.3,79.44,3.108,2.772,3.501,3.136,342,248.5,986.2034,1.528,0.371,243.5,215,-15.75,-8.84
"2025-03-09 22:13:00",12094,11.95,-12.66,-12.21,79.23,79.77,2.969,2.867,3.192,3.038,342,244.9,986.2123,1.534,0.414,244.9,218.7,-15.62,-8.84
"2025-03-09 22:14:00",12095,11.95,-12.49,-12.12,80.1,80.5,2.426,2.262,3.037,2.94,342,231.2,986.2188,1.749,0.811,245.9,220.8,-15.42,-8.84
"2025-03-09 22:15:00",12096,11.95,-12.31,-11.99,79.68,80.4,2.311,2.118,2.883,2.842,342,231.1,986.2146,2.327,1.33,245.8,219.4,-15.21,-8.84
"2025-03-09 22:16:00",12097,11.95,-12.15,-11.83,79.68,80.7,1.987,1.61,2.677,2.156,342,245.3,986.2278,2.915,1.703,246,217.4,-15,-8.84
"2025-03-09 22:17:00",12098,11.95,-11.97,-11.66,79.63,79.92,2.045,1.787,2.574,2.45,342,235.4,986.2146,3.005,1.65,246.1,215.8,-14.83,-8.84
"2025-03-09 22:18:00",12099,11.95,-11.84,-11.55,78.94,78.73,1.478,1.091,1.956,1.666,342,229.1,986.2306,3.07,1.603,244.1,212.2,-14.69,-8.84
"2025-03-09 22:19:00",12100,11.95,-11.82,-11.56,78.19,78.29,1.255,0.911,1.647,1.372,342,247.2,986.248,2.731,1.237,242.2,208.1,-14.55,-8.84
"2025-03-09 22:20:00",12101,11.95,-11.8,-11.59,77.87,78.45,0.931,0.333,1.081,0.784,342,256.7,986.2101,3.19,1.522,240.6,204.9,-14.43,-8.85
"2025-03-09 22:21:00",12102,11.95,-11.77,-11.58,78.14,78.78,0.72,0.188,1.493,0.98,342,250.9,986.2531,2.495,0.719,238.3,203.6,-14.43,-8.85
"2025-03-09 22:22:00",12103,11.95,-11.72,-11.55,77.85,78.75,1.415,0.895,1.956,1.274,342,246.9,986.2711,2.064,0.366,238.2,203.3,-14.4,-8.85
"2025-03-09 22:23:00",12104,11.95,-11.68,-11.51,78.11,79.23,1.556,0.684,2.008,1.47,342,244.5,986.2355,1.097,-0.401,238.6,203.3,-14.46,-8.85
"2025-03-09 22:24:00",12105,11.95,-11.65,-11.45,77.65,79.05,1.659,1.189,2.008,1.568,342,232.1,986.1963,0.357,-0.892,238.7,204.4,-14.5,-8.85
"2025-03-09 22:25:00",12106,11.95,-11.65,-11.41,77.16,77.8,1.657,1.094,2.162,1.568,342,236,986.2374,0.32,-0.809,238.6,205.5,-14.5,-8.85
"2025-03-09 22:26:00",12107,11.95,-11.75,-11.48,77.19,78.31,1.302,0.998,1.956,1.764,342,247,986.2568,0.306,-1.01,239.3,208.2,-14.48,-8.85
"2025-03-09 22:27:00",12108,11.95,-11.75,-11.51,76.35,76.73,1.689,1.318,2.574,2.352,342,225.1,986.261,1.325,-0.121,241,213.6,-14.37,-8.85
"2025-03-09 22:28:00",12109,11.94,-11.95,-11.66,75.67,77.66,2.486,1.805,2.986,2.548,342,218.6,986.2549,1.802,0.305,243.4,218.5,-14.37,-8.85
"2025-03-09 22:29:00",12110,11.94,-12.15,-11.72,76.23,78.47,2.28,1.895,2.883,2.646,342,207.6,986.2732,0.221,-0.953,244,225.6,-14.51,-8.86
"2025-03-09 22:30:00",12111,11.94,-12.12,-11.7,77.78,79.05,2.099,1.676,2.42,2.058,342,198.1,986.3126,-0.383,-1.184,245.7,232.2,-14.53,-8.86
