"TOA5","1481","CR3000","1481","CR3000.Std.32.06","CPU:AWS_MaggieMay_no_sonic_v3.CR3","13840","Res_data_1_min"
"TIMESTAMP","RECORD","BattV","temperature_1","temperature_2","rel_humidity_1","rel_humidity_2","wind_speed_1","wind_speed_2","gust_speed_1","gust_speed_2","wind_direction_1","wind_direction_2","air_pressure","SWup","SWdown","LWup","LWdown","CNR1_T_degC","ground_temperature"
"TS","RN","Volts","degC","degC","%","%","m/s","m/s","m/s","m/s","deg","deg","hPa","W/m^2","W/m^2","W/m^2","W/m^2","degC","degC"
"","","Min","Avg","Avg","Smp","Smp","Avg","Avg","Max","Max","Smp","Smp","Avg","Avg","Avg","Avg","Avg","Avg","Avg"
"2025-03-08 09:01:00",9863,11.74,-10.73,-10.84,84.4,85.6,2.601,2.775,3.501,3.822,344.9,260.8,984.1791,36.83,23.45,270,267.7,-10.17,-9.09
"2025-03-08 09:02:00",9864,11.73,-10.72,-10.82,84.1,85.1,3.029,3.213,3.964,4.312,344.9,240.4,984.1688,37.54,23.88,269.8,267.4,-10.16,-9.08
"2025-03-08 09:03:00",9865,11.73,-10.76,-10.87,83.8,84.8,3.292,3.588,3.81,4.116,344.9,251.3,984.2523,38.03,24.26,269.4,267.3,-10.18,-9.08
"2025-03-08 09:04:00",9866,11.74,-10.8,-10.91,83.8,84.9,3.764,4.033,4.582,4.802,344.9,260.6,984.2151,38.38,24.5,269.4,267.1,-10.2,-9.08
"2025-03-08 09:05:00",9867,11.73,-10.81,-10.92,83.7,84.8,3.678,3.892,4.221,4.312,344.9,245.4,984.2112,38.54,24.64,269.4,266.8,-10.2,-9.08
"2025-03-08 09:06:00",9868,11.73,-10.83,-10.95,83.8,85,3.315,3.618,3.861,4.312,344.9,245.1,984.2556,38.5,24.67,269.3,267.1,-10.21,-9.08
"2025-03-08 09:07:00",9869,11.73,-10.85,-10.97,83.9,85.1,3.441,3.742,3.912,4.312,344.9,238.2,984.2413,38.82,24.82,269.3,267.2,-10.21,-9.07
"2025-03-08 09:08:00",9870,11.73,-10.87,-10.99,84,85.2,3.499,3.891,4.067,4.508,344.9,239.7,984.2379,39.28,25.06,269.3,267.2,-10.22,-9.07
"2025-03-08 09:09:00",9871,11.73,-10.88,-11.01,84.1,85.3,3.278,3.597,3.758,4.116,344.9,246.6,984.2217,39.46,25.22,269.3,267.3,-10.23,-9.07
"2025-03-08 09:10:00",9872,11.73,-10.9,-11.02,84.2,85.4,3.417,3.698,3.964,4.312,344.9,245.7,984.2551,39.33,25.22,269.2,267.2,-10.24,-9.07
"2025-03-08 09:11:00",9873,11.73,-10.92,-11.05,84.3,85.6,3.807,4.155,4.273,4.606,344.9,246.9,984.2712,39.1,25.12,269.1,267.2,-10.25,-9.07
"2025-03-08 09:12:00",9874,11.73,-10.94,-11.06,84.5,85.7,3.593,3.889,3.964,4.214,344.9,248.3,984.2712,39.17,25.17,269.1,267,-10.26,-9.07
"2025-03-08 09:13:00",9875,11.73,-10.94,-11.07,84.6,85.8,3.164,3.49,4.015,4.41,344.9,241.5,984.2521,39.58,25.4,269.1,267.2,-10.27,-9.07
"2025-03-08 09:14:00",9876,11.73,-10.94,-11.06,84.8,86.1,3.881,4.113,5.251,5.39,344.9,221.3,984.1754,40.28,25.8,269.2,267.4,-10.27,-9.06
"2025-03-08 09:15:00",9877,11.73,-10.93,-11.05,84.8,85.9,3.556,3.946,4.427,4.998,344.9,241,984.2233,41.06,26.22,269.3,267.4,-10.27,-9.06
"2025-03-08 09:16:00",9878,11.73,-10.93,-11.05,85.1,86.6,3.872,4.172,6.229,6.37,344.9,235.9,984.2815,41.39,26.49,269.4,267.6,-10.28,-9.06
"2025-03-08 09:17:00",9879,11.73,-10.9,-11.01,85.2,86.4,4.061,4.361,5.663,5.782,344.9,241.1,984.2322,41.43,26.51,269.3,267.5,-10.28,-9.06
"2025-03-08 09:18:00",9880,11.73,-10.93,-11.04,85.1,86.1,3.622,4.007,5.251,5.292,344.9,250.1,984.278,40.8,26.16,269.2,267.3,-10.29,-9.06
"2025-03-08 09:19:00",9881,11.73,-10.96,-11.07,85.1,86.1,3.983,4.397,5.097,5.586,344.9,237.8,984.308,40.49,25.9,269.1,267.1,-10.3,-9.06
"2025-03-08 09:20:00",9882,11.73,-10.97,-11.09,85.2,86.2,4.031,4.441,4.994,5.488,344.9,247.7,984.2755,40.45,25.81,269.1,267.2,-10.3,-9.05
"2025-03-08 09:21:00",9883,11.73,-10.98,-11.11,85.3,86.3,4.196,4.609,5.045,5.39,344.9,245.8,984.2195,40.47,25.77,269.1,267.2,-10.31,-9.05
"2025-03-08 09:22:00",9884,11.73,-11,-11.12,85.4,86.5,3.875,4.35,5.251,5.684,344.9,237.8,984.2587,40.49,25.81,269.1,267.2,-10.31,-9.05
"2025-03-08 09:23:00",9885,11.73,-11,-11.13,85.5,86.6,4.72,5.14,5.663,5.978,344.9,243.5,984.3015,40.58,25.83,269.1,267.1,-10.33,-9.05
"2025-03-08 09:24:00",9886,11.73,-11.02,-11.14,85.6,86.7,3.418,3.644,4.118,4.312,344.9,231.2,984.2496,40.3,25.67,269.1,267,-10.34,-9.05
"2025-03-08 09:25:00",9887,11.73,-11.01,-11.14,85.6,86.9,3.634,4.01,5.302,5.782,344.9,245.6,984.269,39.86,25.46,269.1,267.2,-10.32,-9.05
"2025-03-08 09:26:00",9888,11.73,-11,-11.11,85.7,86.6,3.374,3.866,4.067,4.508,344.9,244.1,984.2786,39.32,25.19,269.1,267,-10.33,-9.05
"2025-03-08 09:27:00",9889,11.73,-11,-11.12,85.7,86.6,3.618,3.884,4.324,4.704,344.9,252.2,984.2437,38.65,24.89,269,266.9,-10.34,-9.05
"2025-03-08 09:28:00",9890,11.73,-10.99,-11.12,85.7,86.5,3.024,3.241,4.582,4.802,344.9,246.7,984.2902,38.17,24.67,269,266.9,-10.32,-9.04
"2025-03-08 09:29:00",9891,11.73,-10.99,-11.11,85.6,86.4,2.946,3.221,3.449,3.528,344.9,252,984.2626,38.13,24.68,269,266.9,-10.32,-9.04
"2025-03-08 09:30:00",9892,11.73,-10.98,-11.1,85.5,86.3,2.766,2.94,3.346,3.626,344.9,265,984.313,38.43,24.86,269,266.9,-10.31,-9.04
