"TOA5","1481","CR3000","1481","CR3000.Std.32.06","CPU:AWS_MaggieMay_no_sonic_v3.CR3","13840","Res_data_1_min"
"TIMESTAMP","RECORD","BattV","temperature_1","temperature_2","rel_humidity_1","rel_humidity_2","wind_speed_1","wind_speed_2","gust_speed_1","gust_speed_2","wind_direction_1","wind_direction_2","air_pressure","SWup","SWdown","LWup","LWdown","CNR1_T_degC","ground_temperature"
"TS","RN","Volts","degC","degC","%","%","m/s","m/s","m/s","m/s","deg","deg","hPa","W/m^2","W/m^2","W/m^2","W/m^2","degC","degC"
"","","Min","Avg","Avg","Smp","Smp","Avg","Avg","Max","Max","Smp","Smp","Avg","Avg","Avg","Avg","Avg","Avg","Avg"
"2025-03-08 15:31:00",10253,11.67,-13.72,-13.32,81.6,82.8,3.188,3.649,3.449,3.92,344.9,252.1,984.4787,8.04,6.093,246.5,217.1,-14.73,-9.05
"2025-03-08 15:32:00",10254,11.68,-13.63,-13.26,81.8,82.8,3.234,3.685,3.707,4.312,344.9,244.2,984.4669,8.01,5.941,247.3,215.2,-14.67,-9.05
"2025-03-08 15:33:00",10255,11.67,-13.61,-13.3,81.3,82.2,3.122,3.52,3.501,4.116,344.9,246.8,984.4791,8.2,5.939,247.4,217.2,-14.62,-9.06
"2025-03-08 15:34:00",10256,11.67,-13.58,-13.29,81.9,83.3,3.274,3.724,3.758,4.214,344.9,243.1,984.4811,8.22,5.937,248.4,218.4,-14.57,-9.06
"2025-03-08 15:35:00",10257,11.67,-13.46,-13.2,81.9,82.6,3.232,3.68,3.912,4.214,344.9,241.6,984.4822,8.41,5.853,249.3,218.2,-14.48,-9.07
"2025-03-08 15:36:00",10258,11.67,-13.3,-13.08,82.3,83.4,3.852,4.263,4.788,4.998,344.9,258.1,984.4609,8.26,5.695,251,217.2,-14.35,-9.07
"2025-03-08 15:37:00",10259,11.67,-13.04,-12.86,81.9,82.1,3.507,3.837,4.736,5.194,344.9,239.7,984.4935,8.92,5.683,251.1,213,-14.17,-9.07
"2025-03-08 15:38:00",10260,11.67,-12.98,-12.86,80.7,80.8,3.236,3.601,3.552,3.92,344.9,242.2,984.4742,8.7,5.698,248.5,205.6,-14.13,-9.07
"2025-03-08 15:39:00",10261,11.68,-13.03,-12.93,80.6,81.6,4.494,4.964,6.023,6.272,344.9,245.5,984.4894,7.757,5.473,250.7,211.5,-14.1,-9.08
"2025-03-08 15:40:00",10262,11.67,-12.91,-12.82,80.6,81.6,3.829,4.119,4.427,4.802,344.9,240.9,984.4932,8.43,5.588,251.5,211.5,-13.95,-9.08
"2025-03-08 15:41:00",10263,11.67,-12.86,-12.78,79.58,80.3,3.236,3.556,3.861,4.116,344.9,239.1,984.5084,8.13,5.553,247.8,206.2,-13.96,-9.08
"2025-03-08 15:42:00",10264,11.67,-12.94,-12.86,79.25,80.8,3.018,3.386,3.346,3.724,344.9,239,984.4578,7.208,5.277,245.8,206.3,-14.03,-9.09
"2025-03-08 15:43:00",10265,11.67,-13.11,-12.94,79.13,81.6,2.752,3.164,3.089,3.822,344.9,231.2,984.4616,5.991,4.943,244.6,204.8,-14.13,-9.09
"2025-03-08 15:44:00",10266,11.67,-13.28,-13.08,79.2,81.1,3.063,3.454,3.604,4.214,344.9,233.1,984.4542,5.309,4.701,244.7,206.5,-14.19,-9.09
"2025-03-08 15:45:00",10267,11.67,-13.43,-13.21,79.9,82.1,3.605,4.124,4.067,4.998,344.9,247,984.4736,5.077,4.586,246.5,210.4,-14.24,-9.09
"2025-03-08 15:46:00",10268,11.67,-13.37,-13.14,81,82.8,3.856,4.24,4.891,5.292,344.9,253.4,984.4756,5.194,4.446,249.4,213.3,-14.17,-9.1
"2025-03-08 15:47:00",10269,11.67,-13.08,-12.9,81.4,82.3,3.393,3.768,4.221,4.606,344.9,246.9,984.4639,6.54,4.622,250.3,213,-14,-9.1
"2025-03-08 15:48:00",10270,11.67,-12.98,-12.84,80.4,80.9,3.721,4.116,5.766,5.782,344.9,253.7,984.4688,6.769,4.817,249.3,212.7,-13.98,-9.1
"2025-03-08 15:49:00",10271,11.67,-12.97,-12.85,79.64,80.1,3.464,3.98,3.964,4.41,344.9,270.7,984.433,6.489,4.65,250.2,216.2,-13.95,-9.1
"2025-03-08 15:50:00",10272,11.67,-13,-12.87,78.76,79.3,3.201,3.585,4.067,4.508,344.9,232.2,984.4775,6.299,4.466,249.2,214.3,-13.93,-9.1
"2025-03-08 15:51:00",10273,11.67,-13,-12.88,79.23,80.5,4.656,5.236,5.817,6.566,344.9,267.3,984.454,5.596,4.138,250.9,211.7,-13.9,-9.11
"2025-03-08 15:52:00",10274,11.67,-12.87,-12.75,79.91,81,3.734,4.105,4.479,4.802,344.9,274.5,984.4368,6.186,4.256,251.4,214,-13.79,-9.11
"2025-03-08 15:53:00",10275,11.67,-12.83,-12.74,79.11,80.3,2.968,3.366,3.604,4.018,344.9,263.3,984.4597,6.203,4.241,249.5,214.1,-13.78,-9.11
"2025-03-08 15:54:00",10276,11.67,-12.82,-12.7,78.98,79.68,3.559,3.933,4.479,4.802,344.9,233.2,984.4648,5.543,3.959,250.1,214.1,-13.77,-9.12
"2025-03-08 15:55:00",10277,11.67,-12.86,-12.75,77.94,78.82,3.794,4.204,4.736,5.096,344.9,249.9,984.4572,5.505,3.894,249.6,213.1,-13.78,-9.12
"2025-03-08 15:56:00",10278,11.67,-12.85,-12.74,78.16,79,3.835,4.232,4.839,5.292,344.9,239.5,984.4603,5.272,3.688,251,216.6,-13.75,-9.13
"2025-03-08 15:57:00",10279,11.67,-12.88,-12.78,77.91,78.87,3.142,3.453,3.707,4.116,344.9,263.8,984.4373,5.272,3.706,249.9,216.9,-13.75,-9.13
"2025-03-08 15:58:00",10280,11.67,-12.9,-12.8,78.54,80.3,4.184,4.613,5.663,5.88,344.9,242.7,984.4789,4.696,3.481,251.4,216.3,-13.72,-9.13
"2025-03-08 15:59:00",10281,11.67,-12.74,-12.68,79.83,81.5,4.182,4.572,5.251,5.488,344.9,235.1,984.4619,5.232,3.463,253,216.6,-13.58,-9.13
"2025-03-08 16:00:00",10282,11.67,-12.73,-12.68,79.53,80.9,3.845,4.225,5.148,5.292,344.9,257,984.4747,5.238,3.602,252.3,218.1,-13.56,-9.14
