"TOA5","1481","CR3000","1481","CR3000.Std.32.06","CPU:AWS_MaggieMay_no_sonic_v3.CR3","13840","Res_data_1_min"
"TIMESTAMP","RECORD","BattV","temperature_1","temperature_2","rel_humidity_1","rel_humidity_2","wind_speed_1","wind_speed_2","gust_speed_1","gust_speed_2","wind_direction_1","wind_direction_2","air_pressure","SWup","SWdown","LWup","LWdown","CNR1_T_degC","ground_temperature"
"TS","RN","Volts","degC","degC","%","%","m/s","m/s","m/s","m/s","deg","deg","hPa","W/m^2","W/m^2","W/m^2","W/m^2","degC","degC"
"","","Min","Avg","Avg","Smp","Smp","Avg","Avg","Max","Max","Smp","Smp","Avg","Avg","Avg","Avg","Avg","Avg","Avg"
"2025-03-04 09:01:00",4103,11.84,-12.38,-12.38,76.15,75.91,5.65,5.955,6.538,6.762,68.53,56.56,985.0008,23.59,24.32,256.2,227.9,-12.44,-10.64
"2025-03-04 09:02:00",4104,11.84,-12.52,-12.51,76.35,76.81,4.517,4.807,5.354,5.684,65.65,63.2,985.0067,24.12,25,255.6,232.9,-12.5,-10.65
"2025-03-04 09:03:00",4105,11.84,-12.61,-12.61,77.81,78.47,5.085,5.918,6.692,7.154,79.6,74.36,984.9383,23.8,24.84,256.4,236.5,-12.54,-10.65
"2025-03-04 09:04:00",4106,11.84,-12.59,-12.61,77.98,78.75,4.778,5.503,5.869,6.272,68.93,61.93,984.9548,24.21,25.32,256.8,238,-12.53,-10.64
"2025-03-04 09:05:00",4107,11.84,-12.62,-12.64,78.36,79.25,5.079,5.792,6.178,6.86,70.36,64.14,984.9952,24.45,25.63,257,240.3,-12.54,-10.64
"2025-03-04 09:06:00",4108,11.84,-12.61,-12.64,78.85,79.82,5.314,6.166,6.281,6.86,73.71,68.47,984.9484,25.17,26.53,257.5,240.2,-12.53,-10.64
"2025-03-04 09:07:00",4109,11.84,-12.62,-12.65,79.25,80.3,5.203,5.903,6.281,6.86,70.83,67.02,984.9783,26.33,27.96,257.6,240,-12.52,-10.64
"2025-03-04 09:08:00",4110,11.84,-12.64,-12.68,79.53,80.6,5.317,5.996,6.435,6.762,73.13,70.87,985.0111,27.31,29.19,257.8,241.1,-12.52,-10.63
"2025-03-04 09:09:00",4111,11.84,-12.66,-12.7,79.81,81,4.798,5.751,5.869,6.468,77.73,69.59,985.0079,27.17,29.06,257.8,241.7,-12.52,-10.63
"2025-03-04 09:10:00",4112,11.84,-12.62,-12.68,80,80.4,5.438,7.646,7.568,8.72,76.01,62.45,984.9469,26.93,28.75,258.9,243.3,-12.49,-10.63
"2025-03-04 09:11:00",4113,11.84,-12.52,-12.57,79.56,79.64,4.877,7.226,7.207,8.13,82.5,74.92,985.015,27.36,29.16,259.2,242.4,-12.42,-10.62
"2025-03-04 09:12:00",4114,11.84,-12.48,-12.53,79.34,79.87,4.591,6.871,7.362,8.33,81.2,70.35,985.0004,27.71,29.43,259.1,243.2,-12.38,-10.62
"2025-03-04 09:13:00",4115,11.84,-12.45,-12.5,79.33,79.87,5.512,6.888,6.692,7.84,80,67.85,985.0063,28.18,30.04,259.4,244.9,-12.35,-10.62
"2025-03-04 09:14:00",4116,11.84,-12.43,-12.49,79.39,80.2,5.424,6.888,7.207,7.742,80.2,76.84,985.0134,28.13,29.99,259.5,244.4,-12.31,-10.62
"2025-03-04 09:15:00",4117,11.84,-12.44,-12.5,79.41,79.92,5.477,7.381,7.825,8.92,77.15,75.6,984.9733,28.25,30.16,259.6,243.9,-12.3,-10.61
"2025-03-04 09:16:00",4118,11.84,-12.38,-12.44,78.86,78.7,6.449,7.392,8.7,9.41,74.86,73.55,985.0078,28.71,30.75,259.9,242.7,-12.26,-10.61
"2025-03-04 09:17:00",4119,11.84,-12.38,-12.44,78.96,79.77,5.21,6.127,6.589,7.154,72.07,70.87,985.0004,29.31,31.5,259.3,242.6,-12.25,-10.61
"2025-03-04 09:18:00",4120,11.84,-12.43,-12.49,79.27,80.2,4.886,5.815,5.869,6.86,76.16,65.08,984.975,29.5,31.8,259.2,243.1,-12.26,-10.61
"2025-03-04 09:19:00",4121,11.84,-12.47,-12.54,79.59,80.4,5.699,6.546,7.001,7.448,71.6,72.37,984.9977,29.41,31.68,259.2,243.1,-12.27,-10.6
"2025-03-04 09:20:00",4122,11.84,-12.47,-12.54,79.62,80.5,5.667,6.545,6.795,7.35,70.96,72.64,984.9714,29.35,31.45,259.3,244.5,-12.27,-10.59
"2025-03-04 09:21:00",4123,11.84,-12.46,-12.52,79.48,80,5.808,6.742,7.362,7.84,69.27,65.01,984.97,29.46,31.43,260,248.2,-12.25,-10.59
"2025-03-04 09:22:00",4124,11.84,-12.43,-12.5,79.49,80.4,5.008,7.051,6.692,8.04,67.55,72.14,984.9632,30.09,32.03,260.3,250.8,-12.23,-10.59
"2025-03-04 09:23:00",4125,11.84,-12.43,-12.5,79.63,80.5,5.084,7.121,7.001,8.04,69.34,77.16,984.9738,30.84,32.96,260.6,251.9,-12.21,-10.58
"2025-03-04 09:24:00",4126,11.84,-12.44,-12.52,79.88,81,4.294,6.783,5.766,7.448,72.15,75.22,984.9557,31.45,33.75,260.6,252,-12.19,-10.58
"2025-03-04 09:25:00",4127,11.84,-12.47,-12.55,80.3,81.6,3.899,6.576,5.148,7.546,71.99,81,984.9548,31.56,33.93,260.7,251.8,-12.19,-10.57
"2025-03-04 09:26:00",4128,11.84,-12.5,-12.59,80.7,82,3.626,6.296,4.994,7.546,77.89,84,984.956,31.57,33.99,260.7,251.5,-12.19,-10.57
"2025-03-04 09:27:00",4129,11.84,-12.5,-12.58,80.8,81.5,3.984,7.112,5.045,8.53,73.88,73.8,984.9171,32.19,34.76,261,252.3,-12.18,-10.56
"2025-03-04 09:28:00",4130,11.84,-12.43,-12.5,80.4,80.6,5.115,7.791,6.795,9.11,70.26,69.3,984.9205,33.05,35.71,261.4,253.1,-12.14,-10.56
"2025-03-04 09:29:00",4131,11.84,-12.37,-12.45,79.86,79.93,5.997,6.922,7.928,8.23,65.66,68.06,984.9432,33.79,36.56,261.5,253.9,-12.1,-10.55
"2025-03-04 09:30:00",4132,11.84,-12.34,-12.41,79.51,79.71,5.23,6.143,6.538,6.958,61.04,67.76,984.9437,33.98,36.75,261.5,253.6,-12.07,-10.54
