"TOA5","1481","CR3000","1481","CR3000.Std.32.06","CPU:AWS_MaggieMay_no_sonic_v3.CR3","13840","Res_data_1_min"
"TIMESTAMP","RECORD","BattV","temperature_1","temperature_2","rel_humidity_1","rel_humidity_2","wind_speed_1","wind_speed_2","gust_speed_1","gust_speed_2","wind_direction_1","wind_direction_2","air_pressure","SWup","SWdown","LWup","LWdown","CNR1_T_degC","ground_temperature"
"TS","RN","Volts","degC","degC","%","%","m/s","m/s","m/s","m/s","deg","deg","hPa","W/m^2","W/m^2","W/m^2","W/m^2","degC","degC"
"","","Min","Avg","Avg","Smp","Smp","Avg","Avg","Max","Max","Smp","Smp","Avg","Avg","Avg","Avg","Avg","Avg","Avg"
"2025-03-08 23:31:00",10733,11.6,-14.83,-14.6,74.19,75.02,2.649,2.581,3.449,3.234,343.9,259.6,984.1853,-0.836,0.339,232.3,176.1,-15.98,-9.51
"2025-03-08 23:32:00",10734,11.6,-14.87,-14.64,76.02,77.84,3.483,3.846,4.685,4.704,343.9,257.5,984.19,-0.536,0.211,235,177.8,-15.96,-9.51
"2025-03-08 23:33:00",10735,11.6,-14.69,-14.52,76.61,77.58,3.494,3.618,4.582,5.096,344,269.6,984.2399,0.391,0.333,236.4,178,-15.9,-9.51
"2025-03-08 23:34:00",10736,11.6,-14.61,-14.47,76.47,77.8,3.463,3.701,4.427,4.508,344,257.6,984.2027,0.541,0.411,236.5,178.5,-15.89,-9.51
"2025-03-08 23:35:00",10737,11.6,-14.57,-14.44,76.08,77.36,3.146,3.378,4.376,4.41,344.1,252,984.2291,0.562,0.43,235,178.1,-15.9,-9.51
"2025-03-08 23:36:00",10738,11.6,-14.56,-14.44,75.75,76.44,3.589,3.768,4.015,4.508,344,236.6,984.2432,0.671,0.371,236.7,178.4,-15.88,-9.51
"2025-03-08 23:37:00",10739,11.6,-14.63,-14.53,75.02,76.76,3,3.239,4.067,4.41,344.1,249.3,984.2719,0.701,0.493,235.1,177.9,-15.91,-9.52
"2025-03-08 23:38:00",10740,11.6,-14.59,-14.45,76,77.64,3.444,3.846,3.964,4.508,344.1,259,984.2179,0.583,0.337,236.8,179.5,-15.87,-9.51
"2025-03-08 23:39:00",10741,11.6,-14.48,-14.34,76.44,78.17,4.494,5.026,6.435,6.272,344.1,275.7,984.169,0.825,0.278,240.3,181,-15.77,-9.52
"2025-03-08 23:40:00",10742,11.6,-14.32,-14.2,76.8,78.12,4.635,5.142,5.611,6.272,343.9,266.1,984.1995,1.535,0.319,242.8,182,-15.57,-9.52
"2025-03-08 23:41:00",10743,11.6,-14.23,-14.11,76.31,77.42,4.281,4.634,5.354,5.978,343.8,257.9,984.201,2.004,0.44,241.7,180.7,-15.49,-9.52
"2025-03-08 23:42:00",10744,11.6,-14.26,-14.14,76,77.42,4.053,4.376,5.508,5.782,344,260.5,984.2332,1.716,0.425,240.2,179.7,-15.48,-9.52
"2025-03-08 23:43:00",10745,11.6,-14.24,-14.12,76.19,77.65,4.037,4.35,4.891,4.998,344,271.3,984.1801,1.377,0.386,240.1,179.9,-15.46,-9.52
"2025-03-08 23:44:00",10746,11.6,-14.21,-14.1,75.98,77.18,3.8,4.044,4.582,4.998,344,271.2,984.1639,1.275,0.383,240,179.9,-15.44,-9.52
"2025-03-08 23:45:00",10747,11.6,-14.2,-14.1,75.55,76.71,4.095,4.533,4.839,5.292,344,271.8,984.2166,1.172,0.315,240.6,180.3,-15.39,-9.52
"2025-03-08 23:46:00",10748,11.6,-14.23,-14.12,75.4,77.1,4.435,4.871,5.663,5.978,344.1,290.8,984.2108,1.182,0.314,241.5,180.6,-15.35,-9.52
"2025-03-08 23:47:00",10749,11.6,-14.1,-13.99,77.21,78.71,4.437,4.557,5.251,5.39,344,301.9,984.2532,1.126,0.233,243.6,182.7,-15.23,-9.52
"2025-03-08 23:48:00",10750,11.6,-13.86,-13.8,76.33,77.07,2.69,2.759,3.861,3.822,343.8,277.6,984.2479,2.099,0.372,242.4,182.3,-15.11,-9.53
"2025-03-08 23:49:00",10751,11.6,-13.78,-13.74,75.81,76.52,1.621,1.563,3.14,3.92,343.9,289.9,984.2719,2.386,0.248,238.4,181.6,-15.09,-9.53
"2025-03-08 23:50:00",10752,11.6,-13.73,-13.73,75.77,76.58,1.222,1.047,2.162,2.058,343.9,309.1,984.2492,2.089,-0.065,236.6,182.9,-15.11,-9.53
"2025-03-08 23:51:00",10753,11.6,-13.71,-13.73,75.06,75.94,1.844,1.676,3.089,3.234,343.9,252,984.2594,2.124,-0.242,235.4,183.2,-15.13,-9.53
"2025-03-08 23:52:00",10754,11.6,-13.84,-13.83,74.31,76.15,3.087,3.459,4.53,4.802,344,261.3,984.2366,1.178,-0.23,236.8,183.7,-15.19,-9.53
"2025-03-08 23:53:00",10755,11.6,-13.92,-13.87,75.12,77.18,4.044,4.322,4.736,5.096,343.9,276.4,984.2785,0.893,-0.056,240.5,183.9,-15.16,-9.53
"2025-03-08 23:54:00",10756,11.6,-13.96,-13.88,75.14,77.1,2.865,3.09,3.346,3.822,344.1,274.3,984.2372,0.962,0.153,239.4,185.4,-15.16,-9.53
"2025-03-08 23:55:00",10757,11.6,-14.05,-13.91,74.97,77.93,2.538,2.852,2.883,3.234,344.1,283.4,984.3104,0.625,0.228,237.6,188.7,-15.22,-9.53
"2025-03-08 23:56:00",10758,11.6,-14.08,-13.88,76.1,77.57,2.311,2.424,2.934,3.038,344.1,264.5,984.2934,0.224,0.127,236.9,191.1,-15.26,-9.53
"2025-03-08 23:57:00",10759,11.6,-14.11,-13.91,75.09,76.31,2.143,2.359,2.831,3.136,344.1,247.3,984.2693,-0.132,0.215,233.9,189.2,-15.36,-9.54
"2025-03-08 23:58:00",10760,11.6,-14.22,-14.01,74.72,75.56,3.283,3.412,3.861,4.116,343.9,206.5,984.2437,-0.534,0.218,236.4,189.7,-15.42,-9.54
"2025-03-08 23:59:00",10761,11.6,-14.39,-14.18,73.79,74.62,3.606,3.734,4.324,4.41,344.1,263,984.2247,-0.338,0.349,238,189.9,-15.47,-9.54
"2025-03-09 00:00:00",10762,11.6,-14.52,-14.32,75.51,77.47,3.93,4.291,5.405,6.076,344.2,277,984.2746,-0.458,0.264,240,191.1,-15.48,-9.54
