"TOA5","1481","CR3000","1481","CR3000.Std.32.06","CPU:AWS_MaggieMay_no_sonic_v3.CR3","13840","Res_data_1_min"
"TIMESTAMP","RECORD","BattV","temperature_1","temperature_2","rel_humidity_1","rel_humidity_2","wind_speed_1","wind_speed_2","gust_speed_1","gust_speed_2","wind_direction_1","wind_direction_2","air_pressure","SWup","SWdown","LWup","LWdown","CNR1_T_degC","ground_temperature"
"TS","RN","Volts","degC","degC","%","%","m/s","m/s","m/s","m/s","deg","deg","hPa","W/m^2","W/m^2","W/m^2","W/m^2","degC","degC"
"","","Min","Avg","Avg","Smp","Smp","Avg","Avg","Max","Max","Smp","Smp","Avg","Avg","Avg","Avg","Avg","Avg","Avg"
"2025-03-08 00:31:00",9353,11.79,-13.23,-12.87,75.76,77.39,3.366,3.531,3.604,3.822,344.9,237.7,984.0198,1.962,1.323,245.6,210.5,-15.02,-8.96
"2025-03-08 00:32:00",9354,11.79,-13.21,-12.81,76.06,76.22,3.113,3.152,3.501,3.724,344.9,225.7,983.9943,1.53,1.194,245.1,210.4,-15.01,-8.96
"2025-03-08 00:33:00",9355,11.79,-13.3,-12.92,75.87,75.64,3.649,3.748,4.17,4.214,344.9,226.6,983.9804,1.293,1.039,246,210.5,-14.97,-8.96
"2025-03-08 00:34:00",9356,11.79,-13.46,-13.11,76.31,77.7,3.878,3.959,4.736,5.096,344.9,226.4,984.0154,1.299,1.064,246,209.8,-14.94,-8.97
"2025-03-08 00:35:00",9357,11.79,-13.6,-13.3,77.66,79.09,4.418,4.604,4.788,5.096,344.9,228.3,984.043,1.073,0.964,246.9,209.3,-14.91,-8.97
"2025-03-08 00:36:00",9358,11.79,-13.65,-13.4,79.41,81.7,4.383,4.575,4.942,5.194,344.9,229.1,984.0074,0.892,0.924,247.6,209.2,-14.84,-8.97
"2025-03-08 00:37:00",9359,11.79,-13.53,-13.37,80.4,82.1,4.229,4.572,4.788,4.998,344.9,221.8,984.0092,1.89,1.189,248.7,209.2,-14.69,-8.97
"2025-03-08 00:38:00",9360,11.79,-13.55,-13.39,80.4,82.1,3.753,3.894,4.427,4.802,344.9,218.8,984.0242,1.917,1.403,246.8,207.8,-14.67,-8.97
"2025-03-08 00:39:00",9361,11.79,-13.77,-13.57,79.5,81.2,3.758,3.763,4.067,4.312,344.9,230.9,984.0212,0.805,1.106,244.8,206.6,-14.78,-8.97
"2025-03-08 00:40:00",9362,11.79,-13.88,-13.63,79.95,82.1,3.858,3.905,4.324,4.214,344.9,218.7,984.002,0.025,0.743,244.7,207.1,-14.85,-8.98
"2025-03-08 00:41:00",9363,11.79,-13.93,-13.64,79.87,81.4,4.046,4.043,4.479,4.508,344.9,221.7,983.9975,-0.195,0.635,244.7,207.2,-14.9,-8.98
"2025-03-08 00:42:00",9364,11.79,-13.97,-13.64,80.7,81.9,3.918,4.015,4.324,4.704,344.9,220.3,984.0325,-0.452,0.515,245,207.9,-14.94,-8.98
"2025-03-08 00:43:00",9365,11.79,-13.81,-13.55,82,83.8,3.979,4.103,4.53,4.704,344.9,216.9,984.0019,-0.068,0.539,246.9,209.3,-14.86,-8.98
"2025-03-08 00:44:00",9366,11.79,-13.59,-13.37,82.3,83.2,3.633,3.711,4.221,4.41,344.9,223.7,984.0347,1.025,0.943,246.5,209.1,-14.77,-8.99
"2025-03-08 00:45:00",9367,11.79,-13.39,-13.2,82.7,83.8,3.904,3.964,4.53,4.704,344.9,224.2,984.0137,1.039,0.906,247.9,209.6,-14.67,-8.99
"2025-03-08 00:46:00",9368,11.79,-13.27,-13.09,82.3,83,3.888,4.106,4.479,4.9,344.9,226.3,984.0016,1.949,1.21,248.7,209.8,-14.53,-8.99
"2025-03-08 00:47:00",9369,11.79,-13.44,-13.22,81.4,82.4,3.972,4.162,4.479,4.704,344.9,225.5,984.0153,1.702,1.359,247.1,208.2,-14.54,-8.99
"2025-03-08 00:48:00",9370,11.79,-13.7,-13.47,80.7,82.4,3.649,3.86,4.067,4.312,344.9,237.3,984.0002,0.754,1.119,244.6,206.7,-14.65,-9
"2025-03-08 00:49:00",9371,11.79,-13.85,-13.54,81.8,84.3,3.679,4.023,4.479,4.606,344.9,237.5,983.9822,-0.747,0.738,243.6,206.2,-14.79,-9
"2025-03-08 00:50:00",9372,11.79,-13.75,-13.45,82.7,83.7,3.629,3.895,4.067,4.508,344.9,229.6,983.9674,-0.177,0.719,245.8,207.2,-14.75,-9
"2025-03-08 00:51:00",9373,11.79,-13.85,-13.48,82.3,83.2,3.102,3.143,3.604,3.528,344.9,229.5,983.973,-0.199,0.931,242.5,205.1,-14.88,-9
"2025-03-08 00:52:00",9374,11.79,-13.88,-13.35,81.3,81.3,3.146,2.891,3.552,3.234,344.9,219.6,983.9996,-1.316,0.478,241.1,204.7,-15.04,-9
"2025-03-08 00:53:00",9375,11.79,-13.77,-13.24,80.1,77.83,3.494,3.414,4.118,4.312,344.9,216.8,983.9822,-1.38,0.278,242.2,204.8,-15.12,-9.01
"2025-03-08 00:54:00",9376,11.79,-14.03,-13.49,78.79,78.55,4.197,4.144,4.736,4.802,344.9,215.9,983.9699,-0.878,0.449,242.6,204,-15.19,-9.01
"2025-03-08 00:55:00",9377,11.79,-14.22,-13.72,79.49,79.65,4.424,4.634,4.891,5.194,344.9,214.2,983.9805,-1.169,0.247,243.6,204.3,-15.24,-9.01
"2025-03-08 00:56:00",9378,11.79,-14.33,-13.92,80.4,81.5,4.555,4.604,4.994,4.998,344.9,214.8,983.9722,-0.438,0.461,244.4,204.5,-15.23,-9.02
"2025-03-08 00:57:00",9379,11.79,-14.3,-13.91,81.5,82.2,4.354,4.51,4.788,4.998,344.9,222,983.9969,-0.194,0.514,244.9,204.7,-15.21,-9.02
"2025-03-08 00:58:00",9380,11.79,-14.06,-13.74,82.7,83.3,4.084,4.315,4.53,4.9,344.9,225.2,983.9649,0.305,0.586,246.3,205.7,-15.09,-9.02
"2025-03-08 00:59:00",9381,11.79,-13.73,-13.46,83.4,83.6,4.049,4.186,4.788,5.194,344.9,211.6,983.9719,1.518,0.917,247.8,206.7,-14.91,-9.03
"2025-03-08 01:00:00",9382,11.79,-13.41,-13.19,82.6,81.8,3.985,4.155,4.736,4.9,344.9,223.3,983.9875,2.407,1.26,248,206.8,-14.75,-9.03
