"TOA5","1481","CR3000","1481","CR3000.Std.32.06","CPU:AWS_MaggieMay_no_sonic_v3.CR3","13840","Res_data_1_min"
"TIMESTAMP","RECORD","BattV","temperature_1","temperature_2","rel_humidity_1","rel_humidity_2","wind_speed_1","wind_speed_2","gust_speed_1","gust_speed_2","wind_direction_1","wind_direction_2","air_pressure","SWup","SWdown","LWup","LWdown","CNR1_T_degC","ground_temperature"
"TS","RN","Volts","degC","degC","%","%","m/s","m/s","m/s","m/s","deg","deg","hPa","W/m^2","W/m^2","W/m^2","W/m^2","degC","degC"
"","","Min","Avg","Avg","Smp","Smp","Avg","Avg","Max","Max","Smp","Smp","Avg","Avg","Avg","Avg","Avg","Avg","Avg"
"2025-03-06 09:01:00",6983,12.14,-8.68,-8.69,79.6,80.5,0.993,0.748,1.133,0.882,344.9,255.8,980.1464,20.21,21.48,271.9,264.7,-8.93,-8.84
"2025-03-06 09:02:00",6984,12.14,-8.61,-8.64,79.46,80.4,0.943,0.686,1.081,0.882,344.9,255.9,980.1658,20.67,21.98,271.7,264.2,-8.91,-8.84
"2025-03-06 09:03:00",6985,12.14,-8.58,-8.6,78.74,79.87,1.018,0.813,1.184,0.98,344.9,257,980.1641,21.05,22.37,271.7,264.1,-8.91,-8.84
"2025-03-06 09:04:00",6986,12.14,-8.64,-8.6,78.55,80,1.133,0.756,1.236,0.882,344.9,257,980.2203,21.42,22.79,271.5,264.5,-8.93,-8.84
"2025-03-06 09:05:00",6987,12.14,-8.68,-8.58,78.82,79.98,1.005,0.619,1.081,0.784,344.9,257,980.2164,21.51,22.94,271.6,265.1,-8.94,-8.83
"2025-03-06 09:06:00",6988,12.14,-8.67,-8.53,79.07,79.95,0.887,0.549,1.03,0.686,344.9,257,980.2158,21.72,23.21,271.9,265.4,-8.93,-8.83
"2025-03-06 09:07:00",6989,12.14,-8.62,-8.48,78.98,79.38,1.091,0.781,1.853,1.96,344.9,238.5,980.2001,22.01,23.51,271.9,265.1,-8.92,-8.83
"2025-03-06 09:08:00",6990,12.14,-8.66,-8.54,78.39,79.07,1.79,1.839,2.317,2.646,344.9,239.1,980.1876,22.04,23.53,272.3,264.8,-8.93,-8.83
"2025-03-06 09:09:00",6991,12.14,-8.73,-8.65,78.9,80,2.44,2.523,2.728,2.94,344.9,247.4,980.1974,22.28,23.75,273,265.1,-8.91,-8.83
"2025-03-06 09:10:00",6992,12.14,-8.74,-8.68,79.51,80.4,2.092,2.006,2.42,2.254,344.9,254.4,980.1976,22.59,24.06,273.5,265.7,-8.88,-8.83
"2025-03-06 09:11:00",6993,12.14,-8.68,-8.63,79.8,80.4,1.642,1.503,2.008,2.058,344.9,254.9,980.2185,23.09,24.55,273.7,266.2,-8.82,-8.82
"2025-03-06 09:12:00",6994,12.14,-8.62,-8.61,79.42,79.95,1.749,1.7,1.956,2.058,344.9,251.2,980.2308,23.57,25.06,273.8,266.5,-8.78,-8.82
"2025-03-06 09:13:00",6995,12.14,-8.64,-8.66,79.13,80.1,2.055,2.004,2.42,2.45,344.9,250.7,980.2277,23.78,25.31,273.8,266.8,-8.76,-8.82
"2025-03-06 09:14:00",6996,12.14,-8.69,-8.73,79.1,80.3,1.822,1.753,2.368,2.45,344.9,255.8,980.2122,24.01,25.58,273.6,266.9,-8.75,-8.82
"2025-03-06 09:15:00",6997,12.14,-8.74,-8.79,79.51,80.8,1.932,1.854,2.317,2.156,344.9,237.2,980.2301,24.08,25.75,273.9,267.1,-8.74,-8.82
"2025-03-06 09:16:00",6998,12.14,-8.76,-8.81,79.74,81,1.742,1.702,2.574,2.646,344.9,241.2,980.239,24.29,26.01,273.7,267.1,-8.73,-8.82
"2025-03-06 09:17:00",6999,12.14,-8.77,-8.82,79.92,81.1,1.665,1.627,2.162,2.058,344.9,243.9,980.1924,24.46,26.16,274.1,267.3,-8.71,-8.82
"2025-03-06 09:18:00",7000,12.14,-8.77,-8.82,80,81.3,2.063,2.158,2.883,2.744,344.9,243.1,980.2363,24.6,26.34,274.3,267.6,-8.69,-8.82
"2025-03-06 09:19:00",7001,12.14,-8.77,-8.82,80.4,81.7,2.485,2.509,2.986,3.136,344.9,246.8,980.2167,24.67,26.41,274.5,268,-8.67,-8.82
"2025-03-06 09:20:00",7002,12.14,-8.76,-8.81,80.3,81.5,1.968,1.973,2.574,2.744,344.9,257.8,980.2375,24.73,26.45,274.5,268,-8.65,-8.81
"2025-03-06 09:21:00",7003,12.14,-8.78,-8.83,80.5,81.8,1.962,1.911,2.317,2.254,344.9,263.9,980.2703,24.64,26.32,274.3,268,-8.64,-8.81
"2025-03-06 09:22:00",7004,12.14,-8.77,-8.83,80.6,81.8,1.351,1.249,2.008,1.666,344.9,271,980.2279,24.64,26.3,274.2,267.9,-8.63,-8.81
"2025-03-06 09:23:00",7005,12.14,-8.77,-8.83,80.5,81.7,1.906,1.919,3.243,3.234,344.9,277.4,980.2242,24.55,26.17,274,267.4,-8.61,-8.81
"2025-03-06 09:24:00",7006,12.14,-8.83,-8.88,80.4,81.5,1.56,1.259,3.089,2.94,344.9,349.5,980.2422,24.38,25.99,274,266.9,-8.62,-8.81
"2025-03-06 09:25:00",7007,12.14,-8.88,-8.93,80.3,81.4,0.628,0.434,0.875,0.882,344.9,351.6,980.27,24.25,25.86,273.2,266.8,-8.63,-8.81
"2025-03-06 09:26:00",7008,12.14,-8.92,-9,80.2,81.6,0.694,0.554,0.927,0.784,344.9,0.113,980.2504,24.08,25.68,272.7,266.8,-8.63,-8.81
"2025-03-06 09:27:00",7009,12.14,-8.98,-9.07,80.3,82,0.782,0.72,0.927,0.882,344.9,0.136,980.2833,24.02,25.7,272.6,266.9,-8.64,-8.8
"2025-03-06 09:28:00",7010,12.14,-9.02,-9.12,80.5,82.4,0.559,0.493,0.721,0.686,344.9,0.13,980.2363,24.1,25.78,272.5,267.1,-8.64,-8.8
"2025-03-06 09:29:00",7011,12.14,-9.04,-9.14,80.7,82.7,0.478,0.245,0.618,0.588,344.9,0.124,980.2023,24.27,25.98,272.5,267.5,-8.63,-8.8
"2025-03-06 09:30:00",7012,12.14,-9.04,-9.14,80.9,82.8,0.157,0.002,0.412,0.098,344.9,0.124,980.2488,24.48,26.22,272.5,267.8,-8.63,-8.8
