"TOA5","1481","CR3000","1481","CR3000.Std.32.06","CPU:AWS_MaggieMay_no_sonic_v3.CR3","13840","Res_data_1_min"
"TIMESTAMP","RECORD","BattV","temperature_1","temperature_2","rel_humidity_1","rel_humidity_2","wind_speed_1","wind_speed_2","gust_speed_1","gust_speed_2","wind_direction_1","wind_direction_2","air_pressure","SWup","SWdown","LWup","LWdown","CNR1_T_degC","ground_temperature"
"TS","RN","Volts","degC","degC","%","%","m/s","m/s","m/s","m/s","deg","deg","hPa","W/m^2","W/m^2","W/m^2","W/m^2","degC","degC"
"","","Min","Avg","Avg","Smp","Smp","Avg","Avg","Max","Max","Smp","Smp","Avg","Avg","Avg","Avg","Avg","Avg","Avg"
"2025-03-08 16:31:00",10313,11.66,-12.58,-12.61,82.1,83.9,4.124,4.518,4.788,4.998,344.9,226.4,984.4628,1.909,1.266,256.6,236.5,-12.94,-9.22
"2025-03-08 16:32:00",10314,11.66,-12.54,-12.57,82.1,83.6,3.928,4.307,4.633,4.998,344.9,232.6,984.428,1.946,1.211,257.8,241.5,-12.89,-9.22
"2025-03-08 16:33:00",10315,11.66,-12.54,-12.58,82,83.7,3.937,4.338,4.633,4.998,344.9,242.3,984.4144,2.051,1.197,257.5,237.7,-12.85,-9.22
"2025-03-08 16:34:00",10316,11.66,-12.55,-12.58,82,83.8,3.893,4.322,4.633,4.998,344.9,239.3,984.4115,1.884,1.148,257.3,236.3,-12.84,-9.23
"2025-03-08 16:35:00",10317,11.66,-12.53,-12.57,82,83.6,3.529,3.778,4.067,4.508,344.9,224.8,984.4022,1.959,1.164,256.5,234,-12.81,-9.23
"2025-03-08 16:36:00",10318,11.66,-12.52,-12.55,82.2,84,3.692,4.023,5.508,5.194,344.9,215.4,984.4188,1.628,1.043,257,233.4,-12.78,-9.23
"2025-03-08 16:37:00",10319,11.66,-12.43,-12.47,82.4,83.9,5.078,5.517,6.332,6.664,344.9,211.9,984.3818,1.816,1.077,257.7,233.3,-12.73,-9.23
"2025-03-08 16:38:00",10320,11.66,-12.36,-12.41,82.1,83.7,5.141,5.547,6.075,6.468,344.9,215.7,984.3863,1.84,1.127,257.1,229.7,-12.71,-9.23
"2025-03-08 16:39:00",10321,11.66,-12.35,-12.4,82,83.7,4.444,4.804,6.023,5.782,344.9,220.4,984.3906,1.618,1.067,257.6,235,-12.68,-9.24
"2025-03-08 16:40:00",10322,11.66,-12.36,-12.4,81.9,83.4,4.021,4.358,4.736,5.096,344.9,226.5,984.4008,1.641,1.07,257.1,233.8,-12.66,-9.24
"2025-03-08 16:41:00",10323,11.66,-12.43,-12.47,81.5,83.2,3.833,4.212,4.324,4.704,344.9,228.5,984.4442,1.407,1.011,256.2,231.9,-12.69,-9.24
"2025-03-08 16:42:00",10324,11.66,-12.5,-12.54,81.5,83.3,3.488,3.866,4.324,4.508,344.9,228.4,984.4287,1.005,0.967,255.6,233.1,-12.74,-9.24
"2025-03-08 16:43:00",10325,11.66,-12.56,-12.61,81.6,83.4,3.477,3.819,4.376,4.606,344.9,235.7,984.4401,0.76,0.858,255.5,231.6,-12.77,-9.24
"2025-03-08 16:44:00",10326,11.66,-12.59,-12.62,82.1,84.3,4.139,4.665,5.148,5.586,344.9,222.7,984.4378,0.609,0.752,256.5,232.3,-12.76,-9.24
"2025-03-08 16:45:00",10327,11.66,-12.52,-12.55,82.7,84.7,4.745,5.186,5.508,5.978,344.9,233.9,984.4312,0.859,0.767,257.5,235.5,-12.72,-9.25
"2025-03-08 16:46:00",10328,11.66,-12.44,-12.49,82.7,84.3,4.161,4.613,5.251,5.586,344.9,227.1,984.3927,1.204,0.822,258.5,242.9,-12.67,-9.25
"2025-03-08 16:47:00",10329,11.66,-12.39,-12.44,82.7,84.3,4.215,4.441,6.435,5.782,344.9,217.4,984.408,1.173,0.726,259.1,242.8,-12.63,-9.25
"2025-03-08 16:48:00",10330,11.66,-12.32,-12.38,82.7,84.2,4.533,4.836,5.508,5.978,344.9,226.8,984.4347,1.388,0.731,259.7,245.5,-12.57,-9.25
"2025-03-08 16:49:00",10331,11.66,-12.26,-12.33,82.6,84.2,4.724,5.045,5.508,5.88,344.9,227.3,984.4293,1.489,0.715,260,243.8,-12.51,-9.26
"2025-03-08 16:50:00",10332,11.66,-12.25,-12.33,82.4,84,4.746,5.189,5.92,6.174,344.9,231.5,984.4022,1.46,0.686,259.5,239.5,-12.47,-9.26
"2025-03-08 16:51:00",10333,11.66,-12.27,-12.35,82.5,84.3,5.296,5.746,6.435,6.86,344.9,233.5,984.4161,1.245,0.668,259.6,240.6,-12.46,-9.26
"2025-03-08 16:52:00",10334,11.66,-12.28,-12.36,82.5,84.1,4.612,4.921,5.766,6.076,344.9,236.3,984.3741,1.113,0.652,259.3,242.5,-12.45,-9.26
"2025-03-08 16:53:00",10335,11.66,-12.28,-12.36,82.6,84.3,4.602,4.944,5.251,5.684,344.9,225.1,984.3981,0.962,0.547,260.2,247.8,-12.44,-9.27
"2025-03-08 16:54:00",10336,11.66,-12.25,-12.34,82.6,84.3,5.045,5.416,5.972,6.566,344.9,224.7,984.4167,0.965,0.531,260.4,245.9,-12.41,-9.27
"2025-03-08 16:55:00",10337,11.66,-12.25,-12.33,82.5,84.1,4.738,5.227,5.714,5.978,344.9,225,984.4036,1.068,0.549,260,242.7,-12.38,-9.27
"2025-03-08 16:56:00",10338,11.66,-12.25,-12.33,82.4,83.9,5.256,5.664,6.075,6.664,344.9,222.2,984.4178,0.986,0.531,259.3,236.9,-12.38,-9.27
"2025-03-08 16:57:00",10339,11.66,-12.27,-12.35,82.2,84,5.128,5.682,6.589,7.154,344.9,225.1,984.3825,0.821,0.524,259.3,237.1,-12.38,-9.27
"2025-03-08 16:58:00",10340,11.66,-12.29,-12.36,82.5,84.5,5.178,5.723,6.229,6.566,344.9,242.4,984.4026,0.714,0.521,259.5,240.2,-12.38,-9.27
"2025-03-08 16:59:00",10341,11.66,-12.3,-12.38,82.5,84.1,5.314,5.769,6.384,7.056,344.9,224.8,984.3987,0.677,0.531,258.8,235.6,-12.38,-9.27
"2025-03-08 17:00:00",10342,11.66,-12.32,-12.38,82.4,84.1,4.664,5.08,5.56,6.174,344.9,225.9,984.3984,0.536,0.487,259.2,241.2,-12.39,-9.27
