"TOA5","1481","CR3000","1481","CR3000.Std.32.06","CPU:AWS_MaggieMay_no_sonic_v3.CR3","13840","Res_data_1_min"
"TIMESTAMP","RECORD","BattV","temperature_1","temperature_2","rel_humidity_1","rel_humidity_2","wind_speed_1","wind_speed_2","gust_speed_1","gust_speed_2","wind_direction_1","wind_direction_2","air_pressure","SWup","SWdown","LWup","LWdown","CNR1_T_degC","ground_temperature"
"TS","RN","Volts","degC","degC","%","%","m/s","m/s","m/s","m/s","deg","deg","hPa","W/m^2","W/m^2","W/m^2","W/m^2","degC","degC"
"","","Min","Avg","Avg","Smp","Smp","Avg","Avg","Max","Max","Smp","Smp","Avg","Avg","Avg","Avg","Avg","Avg","Avg"
"2025-03-04 10:01:00",4163,11.84,-12.3,-12.37,77.53,78.08,4.88,7.686,7.413,9.41,88.1,84.9,984.8561,30.75,33.11,260.5,245.2,-12.02,-10.37
"2025-03-04 10:02:00",4164,11.83,-12.28,-12.35,77.06,77,4.948,7.639,6.589,9.31,79.61,69.08,984.8492,30.3,32.6,260.8,245.4,-12.01,-10.36
"2025-03-04 10:03:00",4165,11.84,-12.27,-12.34,76.94,77.32,5.27,6.192,6.435,7.154,79.05,72.2,984.8571,29.73,31.81,260.4,244.4,-12.01,-10.36
"2025-03-04 10:04:00",4166,11.84,-12.3,-12.37,77.47,78.41,3.949,6.728,5.766,7.938,84.8,80.8,984.9003,29.92,31.95,260.4,246.5,-12.02,-10.35
"2025-03-04 10:05:00",4167,11.84,-12.33,-12.4,77.75,78.51,4.858,7.345,7.825,8.33,81.7,77.09,984.8944,29.81,31.87,260.6,247.6,-12.04,-10.34
"2025-03-04 10:06:00",4168,11.84,-12.33,-12.4,77.9,78.66,4.204,6.465,5.663,7.35,79.61,64.05,984.9225,30.54,32.8,260.7,247.3,-12.04,-10.34
"2025-03-04 10:07:00",4169,11.83,-12.36,-12.44,78.15,78.97,5.266,6.465,7.825,8.53,86.9,65.84,984.9119,31.51,34.03,260.7,249,-12.05,-10.32
"2025-03-04 10:08:00",4170,11.84,-12.33,-12.42,77.42,77.17,4.536,6.61,7.362,8.43,82.9,60.34,984.8977,31.02,33.48,261.1,248.5,-12.03,-10.32
"2025-03-04 10:09:00",4171,11.84,-12.26,-12.35,76.6,76.27,4.483,5.07,6.332,6.37,86.5,72.55,984.8962,30.63,32.97,260.9,247.4,-12,-10.31
"2025-03-04 10:10:00",4172,11.84,-12.24,-12.32,76.67,77.22,4.61,5.557,6.075,6.664,85.9,73.77,984.904,30.66,32.86,260.6,247.6,-11.99,-10.31
"2025-03-04 10:11:00",4173,11.84,-12.28,-12.37,77.27,78.24,4.854,5.48,6.126,6.468,85.4,61.46,984.9142,30.57,32.75,260.6,249.4,-11.99,-10.3
"2025-03-04 10:12:00",4174,11.84,-12.33,-12.42,77.73,78.65,5.156,6.027,6.795,6.958,89.2,75.69,984.9439,30.95,33.31,260.9,251.3,-12.01,-10.3
"2025-03-04 10:13:00",4175,11.84,-12.33,-12.42,78.1,78.93,5.751,6.739,6.795,7.742,88.8,67.32,984.9162,30.84,33.21,261.1,250.4,-12,-10.29
"2025-03-04 10:14:00",4176,11.84,-12.35,-12.43,78.66,79.76,4.676,6.525,6.075,7.546,87.1,70.11,984.9355,31.52,33.91,261.1,251.2,-12.02,-10.28
"2025-03-04 10:15:00",4177,11.84,-12.36,-12.45,79.09,80,5.665,6.752,7.207,8.04,92.1,71.95,984.9514,33.51,36.26,261.5,253.1,-12.02,-10.28
"2025-03-04 10:16:00",4178,11.84,-12.36,-12.45,79.24,79.99,5.179,6.04,6.229,6.958,89.3,68.35,984.9593,35.6,38.79,261.7,253.8,-12.01,-10.27
"2025-03-04 10:17:00",4179,11.83,-12.36,-12.45,79.37,80.1,5.077,5.95,6.435,6.958,86.9,57.36,984.9615,36.37,39.74,261.6,252.5,-12.01,-10.27
"2025-03-04 10:18:00",4180,11.84,-12.36,-12.45,79.47,80.1,5.464,6.367,6.435,7.056,84.6,66.62,984.9514,37.15,40.91,261.5,251.5,-12,-10.26
"2025-03-04 10:19:00",4181,11.84,-12.38,-12.47,79.62,80.5,4.929,5.635,5.766,6.272,80.6,63.62,984.9335,37.02,40.85,261.3,250,-12,-10.25
"2025-03-04 10:20:00",4182,11.84,-12.41,-12.51,79.87,80.9,4.933,6.034,6.486,7.644,87,70.28,984.9021,36.53,40.21,261.1,250,-12.02,-10.25
"2025-03-04 10:21:00",4183,11.84,-12.43,-12.52,79.75,80.3,6.1,7.12,7.928,8.13,80.6,71.64,984.9283,35.86,39.41,261.3,249.2,-12.02,-10.24
"2025-03-04 10:22:00",4184,11.84,-12.41,-12.49,79.61,79.76,6.208,7.615,7.876,8.62,79.49,64.65,984.9161,36.15,39.77,261.3,249.4,-12.02,-10.24
"2025-03-04 10:23:00",4185,11.83,-12.4,-12.48,79.57,80,5.977,6.858,7.001,7.742,80.1,64.39,984.9415,36.43,40.12,261.2,248.7,-12.03,-10.23
"2025-03-04 10:24:00",4186,11.84,-12.41,-12.48,79.65,79.96,6.405,6.772,8.75,9.31,69.86,35.46,984.9495,36.11,39.69,261.3,250.3,-12.04,-10.23
"2025-03-04 10:25:00",4187,11.84,-12.37,-12.46,79.34,79.45,4.281,5.032,5.508,6.174,81.3,61.86,984.8975,35.29,38.59,261.3,250.2,-12.02,-10.23
"2025-03-04 10:26:00",4188,11.83,-12.36,-12.44,79.13,79.37,4.946,5.963,6.641,7.546,83.1,58.62,984.9265,35.18,38.48,261.2,249.3,-12.01,-10.22
"2025-03-04 10:27:00",4189,11.84,-12.35,-12.43,78.9,78.93,5.618,6.566,8.44,8.92,76.18,50.41,984.9041,34.93,38.19,261.2,249.2,-12,-10.22
"2025-03-04 10:28:00",4190,11.84,-12.33,-12.41,78.44,78.25,4.732,5.207,6.435,6.566,74.06,52.88,984.8826,33.78,36.78,261.2,250,-12,-10.21
"2025-03-04 10:29:00",4191,11.84,-12.32,-12.4,78.28,78.64,4.603,5.111,5.817,6.174,82.5,56.06,984.8759,33.09,35.8,261.1,250.3,-11.99,-10.21
"2025-03-04 10:30:00",4192,11.83,-12.33,-12.42,78.65,79.31,4.1,6.2,6.023,7.448,87.2,68.61,984.903,32.96,35.62,261.1,250,-11.99,-10.2
