"TOA5","1481","CR3000","1481","CR3000.Std.32.06","CPU:AWS_MaggieMay_no_sonic_v3.CR3","13840","Res_data_1_min"
"TIMESTAMP","RECORD","BattV","temperature_1","temperature_2","rel_humidity_1","rel_humidity_2","wind_speed_1","wind_speed_2","gust_speed_1","gust_speed_2","wind_direction_1","wind_direction_2","air_pressure","SWup","SWdown","LWup","LWdown","CNR1_T_degC","ground_temperature"
"TS","RN","Volts","degC","degC","%","%","m/s","m/s","m/s","m/s","deg","deg","hPa","W/m^2","W/m^2","W/m^2","W/m^2","degC","degC"
"","","Min","Avg","Avg","Smp","Smp","Avg","Avg","Max","Max","Smp","Smp","Avg","Avg","Avg","Avg","Avg","Avg","Avg"
"2025-03-07 13:31:00",8693,11.94,-9.06,-9.13,83.5,83.6,4.287,4.951,4.839,5.782,344.9,272.7,983.83,37.05,25.24,270.8,277.6,-8.6,-7.808
"2025-03-07 13:32:00",8694,11.94,-9.04,-9.11,84,83.8,4.13,4.915,4.53,5.39,344.9,315.9,983.828,37.4,25.24,271.8,277.8,-8.62,-7.809
"2025-03-07 13:33:00",8695,11.94,-9.02,-9.1,84.1,83.7,4.247,4.49,5.972,5.978,344.9,265.4,983.8087,37.58,25.54,271.1,278,-8.63,-7.808
"2025-03-07 13:34:00",8696,11.94,-9.14,-9.22,82.9,82,2.449,2.682,3.861,4.018,344.9,275.1,983.8701,37.68,26.22,267.6,277.8,-8.69,-7.808
"2025-03-07 13:35:00",8697,11.94,-9.37,-9.38,82.8,82.5,1.836,2.04,2.934,2.94,344.9,222.7,983.8275,36.91,26.73,265.7,277.2,-8.78,-7.809
"2025-03-07 13:36:00",8698,11.94,-9.47,-9.48,83.3,83.3,2.762,2.999,3.655,3.822,344.9,281,983.8407,37.14,26.9,265.8,277.1,-8.8,-7.807
"2025-03-07 13:37:00",8699,11.94,-9.54,-9.54,83.4,83.3,2.818,3.187,3.295,4.116,344.9,253.3,983.8426,37.36,27.14,266.2,276.7,-8.88,-7.807
"2025-03-07 13:38:00",8700,11.94,-9.65,-9.62,83.2,83.5,3.022,3.528,3.655,4.214,344.9,253,983.8689,37.34,27.38,265.3,276.3,-8.96,-7.808
"2025-03-07 13:39:00",8701,11.94,-9.73,-9.67,83.7,83.9,2.764,3.18,3.964,4.41,344.9,269.9,983.8458,37.23,27.31,266.2,276,-9.02,-7.805
"2025-03-07 13:40:00",8702,11.94,-9.66,-9.62,84.6,84.5,3.54,3.807,4.015,4.312,344.9,259.8,983.8326,37.67,27.13,267.7,276.2,-9.03,-7.805
"2025-03-07 13:41:00",8703,11.94,-9.59,-9.58,84.5,84,1.988,2.006,3.089,3.234,344.9,300.4,983.8633,38.04,27.15,265.6,276.1,-9.06,-7.804
"2025-03-07 13:42:00",8704,11.94,-9.57,-9.55,84.8,85,2.364,2.452,3.449,3.724,344.9,351.4,983.8969,38.01,27.2,266.6,276.1,-9.08,-7.804
"2025-03-07 13:43:00",8705,11.94,-9.54,-9.55,85.5,85.8,1.483,1.281,2.162,1.862,344.9,342,983.8494,38.93,27.49,267.1,276.2,-9.08,-7.804
"2025-03-07 13:44:00",8706,11.94,-9.6,-9.63,86,86.4,1.651,1.481,2.059,1.862,344.9,291,983.829,40.06,27.59,268.4,276.2,-9.09,-7.803
"2025-03-07 13:45:00",8707,11.94,-9.7,-9.74,86.5,87.1,1.238,1.158,1.647,1.666,344.9,353.8,983.8811,38.51,27.36,267.6,276.2,-9.11,-7.802
"2025-03-07 13:46:00",8708,11.94,-9.75,-9.81,86.9,87.4,1.194,1.065,1.338,1.372,344.9,347.8,983.8097,36.63,25.61,267.1,276.3,-9.11,-7.802
"2025-03-07 13:47:00",8709,11.94,-9.81,-9.88,87.2,87.6,0.988,0.887,1.39,1.176,344.9,347.7,983.8506,34.47,24.05,267.1,276.2,-9.13,-7.803
"2025-03-07 13:48:00",8710,11.94,-9.87,-9.95,87.3,87.7,1.247,0.934,2.111,1.862,344.9,234.7,983.8329,36.68,25.59,267.5,276.2,-9.15,-7.8
"2025-03-07 13:49:00",8711,11.94,-9.95,-10.04,87.5,88,0.511,0.333,1.081,0.882,344.9,234.9,983.8308,35.97,26.17,266.7,276,-9.16,-7.803
"2025-03-07 13:50:00",8712,11.94,-9.94,-10.04,87.8,88.3,0.676,0.381,0.824,0.588,344.9,235.2,983.8489,33.85,24.16,265,276,-9.15,-7.802
"2025-03-07 13:51:00",8713,11.94,-9.93,-10.02,88.1,88.2,0.52,0.139,0.772,0.686,344.9,303,983.8691,34.47,24.28,265.3,275.9,-9.17,-7.802
"2025-03-07 13:52:00",8714,11.94,-9.92,-10.02,88.2,88.3,0.466,0.098,0.618,0.49,344.9,303.3,983.8107,33.03,23.71,264.8,275.9,-9.18,-7.803
"2025-03-07 13:53:00",8715,11.94,-9.93,-10.03,88.1,88,0.616,0.408,1.699,1.372,344.9,245.1,983.8044,32.84,24.11,261.5,275.9,-9.2,-7.8
"2025-03-07 13:54:00",8716,11.94,-9.96,-10.04,88.2,88.6,0.845,0.743,2.059,2.058,344.9,225.7,983.7637,33.98,26.12,260.2,275.8,-9.23,-7.801
"2025-03-07 13:55:00",8717,11.94,-9.95,-10,88,87.8,1.917,2.105,2.265,2.646,344.9,232.6,983.7911,34.12,25.85,259.6,275.6,-9.25,-7.801
"2025-03-07 13:56:00",8718,11.94,-10.07,-10,87.9,88.6,2.705,3.023,3.295,3.724,344.9,261.7,983.8057,32.8,25.29,261.7,275,-9.33,-7.802
"2025-03-07 13:57:00",8719,11.93,-10,-9.86,87.3,87.2,2.417,2.337,2.728,2.646,344.9,235.2,983.8129,33.08,24.24,261.5,275,-9.41,-7.801
"2025-03-07 13:58:00",8720,11.94,-10.24,-10.08,87,87.1,1.551,1.452,2.883,2.744,344.9,250.5,983.8018,31.11,23.81,262,274.1,-9.53,-7.801
"2025-03-07 13:59:00",8721,11.94,-10.34,-10.26,87,86.9,1.604,1.496,2.214,2.058,344.9,229.5,983.8279,31.68,24.23,259.8,274.3,-9.57,-7.8
"2025-03-07 14:00:00",8722,11.94,-10.45,-10.42,86.9,86.7,0.89,0.678,1.441,1.274,344.9,208.1,983.7791,31.05,24.21,256.5,274.1,-9.63,-7.8
