"TOA5","1481","CR3000","1481","CR3000.Std.32.06","CPU:AWS_MaggieMay_no_sonic_v3.CR3","13840","Res_data_1_min"
"TIMESTAMP","RECORD","BattV","temperature_1","temperature_2","rel_humidity_1","rel_humidity_2","wind_speed_1","wind_speed_2","gust_speed_1","gust_speed_2","wind_direction_1","wind_direction_2","air_pressure","SWup","SWdown","LWup","LWdown","CNR1_T_degC","ground_temperature"
"TS","RN","Volts","degC","degC","%","%","m/s","m/s","m/s","m/s","deg","deg","hPa","W/m^2","W/m^2","W/m^2","W/m^2","degC","degC"
"","","Min","Avg","Avg","Smp","Smp","Avg","Avg","Max","Max","Smp","Smp","Avg","Avg","Avg","Avg","Avg","Avg","Avg"
"2025-03-08 07:01:00",9743,11.74,-10.83,-10.92,83.3,84.8,2.782,2.991,3.192,3.43,344.9,242.3,983.9946,7.615,4.801,268.7,267.1,-10.59,-9.28
"2025-03-08 07:02:00",9744,11.74,-10.81,-10.9,83.3,84.6,2.701,2.973,3.14,3.332,344.9,241.3,984.023,7.757,4.913,268.8,267.2,-10.59,-9.27
"2025-03-08 07:03:00",9745,11.74,-10.81,-10.9,83.3,84.6,2.757,2.994,3.089,3.234,344.9,243.4,984.022,7.915,5.014,268.8,267.2,-10.59,-9.27
"2025-03-08 07:04:00",9746,11.74,-10.8,-10.89,83.4,84.8,2.773,2.974,3.346,3.43,344.9,231.5,983.9877,8.07,5.131,268.8,267.2,-10.6,-9.27
"2025-03-08 07:05:00",9747,11.74,-10.8,-10.88,83.3,84.7,2.861,3.094,3.192,3.43,344.9,233.8,983.9904,8.25,5.221,268.8,267.2,-10.6,-9.27
"2025-03-08 07:06:00",9748,11.74,-10.81,-10.89,83.4,84.7,2.732,3.017,3.295,3.724,344.9,237.9,983.9987,8.36,5.314,268.8,267.2,-10.6,-9.27
"2025-03-08 07:07:00",9749,11.74,-10.83,-10.92,83.4,84.6,2.95,3.304,3.346,3.626,344.9,238.9,984.0399,8.5,5.42,268.7,267.1,-10.6,-9.27
"2025-03-08 07:08:00",9750,11.74,-10.84,-10.93,83.5,84.9,2.937,3.25,3.398,3.626,344.9,237.9,984.0344,8.64,5.486,268.8,267.2,-10.6,-9.27
"2025-03-08 07:09:00",9751,11.74,-10.81,-10.9,83.8,85.4,2.506,2.674,2.883,3.038,344.9,237,984.0018,8.83,5.619,268.9,267.2,-10.59,-9.27
"2025-03-08 07:10:00",9752,11.74,-10.75,-10.83,84.1,85.6,2.561,2.726,3.295,3.332,344.9,241,984.0016,9.14,5.795,269.2,267.3,-10.56,-9.27
"2025-03-08 07:11:00",9753,11.74,-10.7,-10.78,84.1,85.3,2.57,2.826,3.037,3.234,344.9,241.2,983.9796,9.45,5.966,269.2,267.1,-10.55,-9.27
"2025-03-08 07:12:00",9754,11.74,-10.68,-10.76,84.1,85.2,2.381,2.608,2.677,2.94,344.9,237.2,984.0151,9.61,6.072,269.1,266.8,-10.54,-9.26
"2025-03-08 07:13:00",9755,11.74,-10.64,-10.72,84.3,85.6,2.44,2.648,2.728,2.94,344.9,239.9,984.0227,9.75,6.167,269.3,266.8,-10.52,-9.26
"2025-03-08 07:14:00",9756,11.74,-10.59,-10.67,84.3,85.4,2.257,2.468,2.728,2.94,344.9,240.5,984.056,9.98,6.319,269.3,266.9,-10.49,-9.26
"2025-03-08 07:15:00",9757,11.74,-10.57,-10.65,84.2,85.4,2.622,2.831,2.934,3.136,344.9,244.1,984.0531,10.16,6.435,269.4,267,-10.48,-9.25
"2025-03-08 07:16:00",9758,11.74,-10.54,-10.62,84.2,85.4,2.775,3.04,3.14,3.332,344.9,242.5,984.0258,10.37,6.55,269.6,267.3,-10.46,-9.25
"2025-03-08 07:17:00",9759,11.74,-10.52,-10.6,84.2,85.2,2.625,2.821,2.986,3.332,344.9,239.8,983.9985,10.63,6.707,269.7,267.5,-10.43,-9.25
"2025-03-08 07:18:00",9760,11.74,-10.51,-10.59,84.1,85.2,2.871,3.151,3.295,3.528,344.9,247.4,984.0352,10.82,6.831,269.8,267.6,-10.41,-9.24
"2025-03-08 07:19:00",9761,11.74,-10.51,-10.6,83.9,84.8,3.296,3.606,3.964,4.312,344.9,243.3,984.0247,11,6.97,269.7,267.5,-10.41,-9.24
"2025-03-08 07:20:00",9762,11.74,-10.57,-10.67,83.5,84.5,3.225,3.49,3.964,4.018,344.9,234.2,984.0422,11,6.983,269.4,267.3,-10.41,-9.24
"2025-03-08 07:21:00",9763,11.74,-10.62,-10.72,83.4,84.6,3.955,4.309,4.633,4.802,344.9,235.8,984.0544,10.91,6.983,269.2,267.1,-10.43,-9.24
"2025-03-08 07:22:00",9764,11.74,-10.69,-10.8,83.3,84.7,3.769,4.203,4.582,4.998,344.9,234.3,984.0506,10.81,6.945,269,266.8,-10.46,-9.24
"2025-03-08 07:23:00",9765,11.74,-10.75,-10.85,83.5,84.9,3.732,4.163,4.427,4.9,344.9,232,984.0655,10.7,6.893,268.9,266.6,-10.48,-9.24
"2025-03-08 07:24:00",9766,11.74,-10.77,-10.89,83.8,85.2,3.816,4.201,4.427,4.802,344.9,226.8,984.0887,10.71,6.914,268.9,266.5,-10.49,-9.24
"2025-03-08 07:25:00",9767,11.74,-10.8,-10.91,84.1,85.6,3.76,4.011,4.479,4.606,344.9,242.2,984.055,10.73,6.96,268.9,266.5,-10.5,-9.24
"2025-03-08 07:26:00",9768,11.74,-10.81,-10.92,84.2,85.5,3.284,3.621,3.861,4.312,344.9,245.4,984.092,10.71,6.979,268.8,266.2,-10.51,-9.23
"2025-03-08 07:27:00",9769,11.74,-10.82,-10.94,84.4,85.8,3.898,4.286,4.994,5.292,344.9,238.3,984.0719,10.74,6.983,268.8,266.1,-10.52,-9.24
"2025-03-08 07:28:00",9770,11.74,-10.84,-10.96,84.6,86,3.265,3.636,4.273,4.704,344.9,250.4,984.0932,10.82,7.005,268.7,265.9,-10.53,-9.23
"2025-03-08 07:29:00",9771,11.74,-10.86,-10.98,84.8,86.3,3.469,3.84,4.427,4.802,344.9,247.7,984.0635,10.85,7.122,268.7,265.8,-10.53,-9.23
"2025-03-08 07:30:00",9772,11.74,-10.85,-10.97,85.1,86.7,3.863,4.181,4.788,5.194,344.9,257,984.0739,10.92,7.155,268.9,266.1,-10.53,-9.23
