"TOA5","1481","CR3000","1481","CR3000.Std.32.06","CPU:AWS_MaggieMay_no_sonic_v3.CR3","13840","Res_data_1_min"
"TIMESTAMP","RECORD","BattV","temperature_1","temperature_2","rel_humidity_1","rel_humidity_2","wind_speed_1","wind_speed_2","gust_speed_1","gust_speed_2","wind_direction_1","wind_direction_2","air_pressure","SWup","SWdown","LWup","LWdown","CNR1_T_degC","ground_temperature"
"TS","RN","Volts","degC","degC","%","%","m/s","m/s","m/s","m/s","deg","deg","hPa","W/m^2","W/m^2","W/m^2","W/m^2","degC","degC"
"","","Min","Avg","Avg","Smp","Smp","Avg","Avg","Max","Max","Smp","Smp","Avg","Avg","Avg","Avg","Avg","Avg","Avg"
"2025-03-07 18:01:00",8963,11.89,-10.56,-10.58,85.4,86.3,3.535,3.873,4.221,4.606,344.9,260.2,983.6897,0.691,0.33,267.7,250.4,-10.85,-8.06
"2025-03-07 18:02:00",8964,11.89,-10.53,-10.59,85,85,3.253,3.566,3.81,4.312,344.9,252,983.711,1.212,0.564,265.9,248.9,-10.83,-8.06
"2025-03-07 18:03:00",8965,11.89,-10.64,-10.7,84.6,85,3.366,3.815,3.861,4.214,344.9,253.2,983.6873,0.555,0.449,265.2,248.5,-10.87,-8.06
"2025-03-07 18:04:00",8966,11.89,-10.7,-10.75,84.7,85.6,3.639,4.078,4.273,4.606,344.9,244.6,983.6736,0.178,0.306,265.4,248.9,-10.89,-8.06
"2025-03-07 18:05:00",8967,11.89,-10.69,-10.73,85.2,86.3,3.845,4.402,4.479,4.998,344.9,247.6,983.6683,0.233,0.298,266.3,249.6,-10.87,-8.06
"2025-03-07 18:06:00",8968,11.89,-10.65,-10.67,85.6,86.6,3.84,4.379,4.273,4.802,344.9,245.2,983.6682,0.414,0.367,266.4,249.6,-10.85,-8.06
"2025-03-07 18:07:00",8969,11.89,-10.62,-10.65,85.7,86.4,3.481,3.918,4.067,4.508,344.9,248.1,983.6458,0.535,0.426,266.4,249.3,-10.83,-8.07
"2025-03-07 18:08:00",8970,11.89,-10.64,-10.66,85.7,86.2,3.375,3.778,3.912,4.508,344.9,241.7,983.6697,0.483,0.433,265.9,249,-10.83,-8.07
"2025-03-07 18:09:00",8971,11.89,-10.64,-10.65,85.7,86.3,3.757,4.221,4.273,4.606,344.9,241.3,983.6455,0.424,0.388,266.1,248.9,-10.83,-8.07
"2025-03-07 18:10:00",8972,11.89,-10.6,-10.61,85.7,86,3.791,4.209,4.685,4.998,344.9,237.2,983.6589,0.465,0.365,266.4,248.9,-10.81,-8.07
"2025-03-07 18:11:00",8973,11.88,-10.59,-10.61,85.7,86.3,4.011,4.434,4.839,4.9,344.9,247.2,983.6772,0.415,0.335,266.8,248.8,-10.79,-8.07
"2025-03-07 18:12:00",8974,11.88,-10.51,-10.55,85.8,86.1,3.969,4.408,4.994,5.292,344.9,239.7,983.7064,0.664,0.415,266.8,248.6,-10.76,-8.07
"2025-03-07 18:13:00",8975,11.88,-10.42,-10.46,86,86.1,3.703,3.964,4.479,4.802,344.9,252.7,983.6895,0.73,0.355,267.8,249.2,-10.7,-8.08
"2025-03-07 18:14:00",8976,11.89,-10.36,-10.42,85.5,85.5,3.235,3.471,3.758,4.116,344.9,271.1,983.6729,0.983,0.44,267.3,248.8,-10.66,-8.08
"2025-03-07 18:15:00",8977,11.88,-10.18,-10.24,85.6,85.2,2.381,2.515,3.861,4.018,344.9,241.2,983.7111,1.466,0.352,268.3,250.2,-10.56,-8.08
"2025-03-07 18:16:00",8978,11.88,-10.03,-10.12,84.7,84.5,3.044,3.123,4.221,4.116,344.9,261.7,983.694,1.69,0.455,267.5,249.4,-10.51,-8.08
"2025-03-07 18:17:00",8979,11.88,-9.92,-9.96,83.9,83.1,2.997,3.203,3.758,4.116,344.9,234.4,983.6746,1.432,0.411,267.5,249.7,-10.49,-8.08
"2025-03-07 18:18:00",8980,11.88,-9.87,-9.89,83.1,82.3,2.513,2.492,3.501,3.528,344.9,247.9,983.6456,1.291,0.398,267.4,249.8,-10.46,-8.08
"2025-03-07 18:19:00",8981,11.88,-9.77,-9.78,82.5,81.4,2.411,2.586,3.295,3.724,344.9,247.4,983.6569,1.545,0.345,267.2,249.7,-10.4,-8.08
"2025-03-07 18:20:00",8982,11.88,-9.8,-9.82,81.5,80.7,3.149,3.258,3.707,3.92,344.9,229.9,983.6541,1.348,0.445,266.5,248.4,-10.42,-8.08
"2025-03-07 18:21:00",8983,11.88,-9.95,-9.96,81.5,81.7,3.169,3.293,3.861,4.214,344.9,239.9,983.6936,0.543,0.271,266.4,248.4,-10.45,-8.08
"2025-03-07 18:22:00",8984,11.88,-9.95,-9.94,81.9,81.9,2.935,3.177,4.891,4.9,344.9,238.2,983.6296,0.637,0.204,267.4,248.5,-10.42,-8.08
"2025-03-07 18:23:00",8985,11.88,-9.88,-9.87,82.6,82.2,3.094,3.084,4.427,4.606,344.9,251.6,983.6375,0.873,0.193,268.7,249.3,-10.34,-8.08
"2025-03-07 18:24:00",8986,11.88,-9.79,-9.81,82.1,81.6,2.85,3.094,3.655,3.92,344.9,252.7,983.6729,1.495,0.433,267.4,247.9,-10.31,-8.09
"2025-03-07 18:25:00",8987,11.88,-9.82,-9.85,82,82,2.518,2.633,3.089,3.234,344.9,261.7,983.652,0.964,0.363,267.1,248,-10.31,-8.09
"2025-03-07 18:26:00",8988,11.88,-9.77,-9.81,81.9,81.2,2.634,2.796,3.501,3.92,344.9,245.8,983.6864,1.318,0.362,267.4,247.8,-10.26,-8.09
"2025-03-07 18:27:00",8989,11.88,-9.91,-9.99,81.2,81.9,3.128,3.374,4.736,4.802,344.9,260.7,983.6843,0.712,0.458,265.9,246,-10.33,-8.09
"2025-03-07 18:28:00",8990,11.88,-10.01,-10.05,82.6,83.7,3.757,3.962,4.685,4.704,344.9,254.5,983.6652,0.286,0.228,267.7,247,-10.32,-8.09
"2025-03-07 18:29:00",8991,11.88,-10.08,-10.11,83.2,83.9,3.272,3.637,4.015,4.312,344.9,245.8,983.6679,0.39,0.359,266.9,246.1,-10.34,-8.09
"2025-03-07 18:30:00",8992,11.88,-10.13,-10.15,84,84.9,2.304,2.332,3.295,3.43,344.9,306.2,983.6359,0.104,0.272,266.7,246.6,-10.34,-8.09
