"TOA5","1481","CR3000","1481","CR3000.Std.32.06","CPU:AWS_MaggieMay_no_sonic_v3.CR3","13840","Res_data_1_min"
"TIMESTAMP","RECORD","BattV","temperature_1","temperature_2","rel_humidity_1","rel_humidity_2","wind_speed_1","wind_speed_2","gust_speed_1","gust_speed_2","wind_direction_1","wind_direction_2","air_pressure","SWup","SWdown","LWup","LWdown","CNR1_T_degC","ground_temperature"
"TS","RN","Volts","degC","degC","%","%","m/s","m/s","m/s","m/s","deg","deg","hPa","W/m^2","W/m^2","W/m^2","W/m^2","degC","degC"
"","","Min","Avg","Avg","Smp","Smp","Avg","Avg","Max","Max","Smp","Smp","Avg","Avg","Avg","Avg","Avg","Avg","Avg"
"2025-03-06 00:31:00",6473,12.19,-9.7,-9.66,83.2,82.5,1.695,1.739,2.059,2.352,344.9,11.06,980.6453,0.148,-1.835,261.2,227.7,-10.1,-9.37
"2025-03-06 00:32:00",6474,12.19,-9.58,-9.55,84.2,83,1.363,1.179,1.956,1.96,344.9,2.375,980.6805,0.295,-1.687,261.3,230.4,-10.1,-9.37
"2025-03-06 00:33:00",6475,12.19,-9.41,-9.41,84.5,82.8,0.631,0.483,1.133,1.176,344.9,46.43,980.6368,0.83,-1.233,259.2,231.7,-10.08,-9.37
"2025-03-06 00:34:00",6476,12.19,-9.31,-9.3,84.2,82.3,0.72,0.519,1.338,1.078,344.9,4.128,980.6576,1.035,-1.056,259.5,232.4,-10.09,-9.37
"2025-03-06 00:35:00",6477,12.19,-9.28,-9.26,83.7,81.5,0.699,0.614,1.75,1.764,344.9,107.8,980.6583,0.923,-1.087,260.3,233.2,-10.11,-9.37
"2025-03-06 00:36:00",6478,12.19,-9.3,-9.29,83.3,80.8,0.553,0.118,1.03,0.686,344.9,237.5,980.6495,0.896,-1.035,260.1,233.9,-10.14,-9.37
"2025-03-06 00:37:00",6479,12.18,-9.39,-9.38,82.7,80.4,1.024,0.964,1.802,1.568,344.9,314,980.614,0.288,-1.515,261.8,236.2,-10.18,-9.37
"2025-03-06 00:38:00",6480,12.18,-9.53,-9.5,81.6,79.55,1.326,1.034,1.905,1.666,344.9,283.1,980.6813,0.256,-1.442,261.9,239.2,-10.23,-9.37
"2025-03-06 00:39:00",6481,12.19,-9.74,-9.68,81.1,79.48,1.196,0.941,1.647,1.274,344.9,250.8,980.6533,-0.095,-1.629,262.8,246.2,-10.28,-9.37
"2025-03-06 00:40:00",6482,12.18,-9.98,-9.91,80.7,79.59,1.193,0.822,1.75,1.568,344.9,253.8,980.6853,-0.258,-1.582,263.3,251.2,-10.34,-9.37
"2025-03-06 00:41:00",6483,12.18,-10.13,-10.06,81.6,81,0.569,0.105,0.772,0.588,344.9,259.3,980.6709,-0.357,-1.409,264,252.9,-10.36,-9.37
"2025-03-06 00:42:00",6484,12.18,-10.11,-10.05,82.8,82.8,1.77,1.552,3.192,2.842,344.9,35.81,980.7095,-0.484,-1.36,265.3,253.1,-10.37,-9.37
"2025-03-06 00:43:00",6485,12.18,-9.93,-9.91,83.8,83,2.501,2.45,3.449,3.234,344.9,349.3,980.6843,0.35,-0.536,267.7,252.1,-10.28,-9.37
"2025-03-06 00:44:00",6486,12.18,-9.83,-9.83,83.9,82.9,2.426,2.354,3.346,3.136,344.9,28.01,980.6668,0.955,-0.048,267.2,251.3,-10.23,-9.37
"2025-03-06 00:45:00",6487,12.18,-9.73,-9.76,83.8,82.8,1.731,1.602,2.214,2.352,344.9,7.812,980.671,1.121,0.132,267.3,253.3,-10.18,-9.37
"2025-03-06 00:46:00",6488,12.18,-9.69,-9.72,83.7,83.2,2.324,2.355,2.934,3.234,344.9,353.3,980.6497,1.075,0.124,268.4,256.8,-10.15,-9.37
"2025-03-06 00:47:00",6489,12.18,-9.6,-9.6,84.3,83.1,3.182,3.01,4.53,4.508,344.9,0.071,980.6812,1.18,0.296,270,260.9,-10.08,-9.37
"2025-03-06 00:48:00",6490,12.18,-9.45,-9.45,84.3,82.9,2.586,2.574,3.501,3.528,344.9,0.101,980.694,1.453,0.655,270.5,263.4,-10,-9.37
"2025-03-06 00:49:00",6491,12.18,-9.32,-9.31,84.1,82,2.878,2.757,3.758,3.822,344.9,353.5,980.6558,1.612,0.916,271.8,265.8,-9.9,-9.37
"2025-03-06 00:50:00",6492,12.18,-9.23,-9.22,83.8,81.7,2.053,1.991,3.14,3.234,344.9,351.2,980.667,1.747,1.133,271.7,267.2,-9.84,-9.37
"2025-03-06 00:51:00",6493,12.18,-9.16,-9.18,83.4,81.5,2.843,2.845,4.015,3.822,344.9,354.5,980.6779,1.724,1.221,272.8,269.4,-9.75,-9.37
"2025-03-06 00:52:00",6494,12.18,-9.12,-9.15,83.1,81.3,2.643,2.577,3.501,3.234,344.9,328.4,980.6235,1.766,1.351,273.2,270.2,-9.67,-9.37
"2025-03-06 00:53:00",6495,12.18,-9.08,-9.12,83,81.5,2.57,2.625,4.942,4.9,344.9,337.4,980.6591,1.717,1.393,273.2,270.2,-9.6,-9.37
"2025-03-06 00:54:00",6496,12.18,-9.05,-9.1,82.6,81.1,3.912,3.716,5.199,5.194,344.9,350.3,980.6106,1.608,1.38,273.8,270.1,-9.52,-9.37
"2025-03-06 00:55:00",6497,12.18,-9.06,-9.1,82.6,81.3,1.614,1.449,2.934,2.744,344.9,4.353,980.6165,1.564,1.281,272.9,269.2,-9.48,-9.37
"2025-03-06 00:56:00",6498,12.18,-9.04,-9.09,82.7,81.5,2.571,2.638,3.398,3.528,344.9,334.9,980.627,1.475,1.15,273.4,268.9,-9.43,-9.37
"2025-03-06 00:57:00",6499,12.18,-9.01,-9.06,82.6,81.4,2.178,2.068,3.14,3.234,344.9,46.64,980.6016,1.371,1.063,272.8,266.2,-9.39,-9.37
"2025-03-06 00:58:00",6500,12.18,-8.97,-9.03,82.6,81.5,2.653,2.559,3.707,3.724,344.9,4.223,980.5778,1.197,0.822,272.7,263.1,-9.36,-9.37
"2025-03-06 00:59:00",6501,12.18,-8.9,-8.97,82.6,81.4,1.678,1.599,2.008,2.058,344.9,7.344,980.5851,1.36,0.81,271.7,257.9,-9.31,-9.37
"2025-03-06 01:00:00",6502,12.18,-8.86,-8.92,82.6,81.3,2.045,2.053,2.883,2.94,344.9,17.97,980.5732,1.351,0.592,270.2,251.5,-9.28,-9.37
