"TOA5","1481","CR3000","1481","CR3000.Std.32.06","CPU:AWS_MaggieMay_no_sonic_v3.CR3","13840","Res_data_1_min"
"TIMESTAMP","RECORD","BattV","temperature_1","temperature_2","rel_humidity_1","rel_humidity_2","wind_speed_1","wind_speed_2","gust_speed_1","gust_speed_2","wind_direction_1","wind_direction_2","air_pressure","SWup","SWdown","LWup","LWdown","CNR1_T_degC","ground_temperature"
"TS","RN","Volts","degC","degC","%","%","m/s","m/s","m/s","m/s","deg","deg","hPa","W/m^2","W/m^2","W/m^2","W/m^2","degC","degC"
"","","Min","Avg","Avg","Smp","Smp","Avg","Avg","Max","Max","Smp","Smp","Avg","Avg","Avg","Avg","Avg","Avg","Avg"
"2025-03-02 01:01:00",743,12.23,-5.933,-6.011,90.2,89.5,7.232,10.55,10.45,12.64,146.7,74.18,984.6534,0.082,-0.295,289,276.8,-5.793,-5.244
"2025-03-02 01:02:00",744,12.23,-5.941,-6.014,90.2,89.5,5.435,10.44,7.979,11.66,154.5,76.64,984.6774,0.126,-0.282,288.8,275.6,-5.79,-5.248
"2025-03-02 01:03:00",745,12.23,-5.938,-6.014,90.1,89.4,5.926,9.26,7.773,10.58,155,66.7,984.6485,0.139,-0.301,288.7,276,-5.79,-5.248
"2025-03-02 01:04:00",746,12.23,-5.943,-6.01,90,89.3,6.228,8.91,9.99,11.17,159.6,70.47,984.6352,0.216,-0.254,288.4,272.1,-5.788,-5.251
"2025-03-02 01:05:00",747,12.23,-5.971,-6.043,90,89.3,4.915,8.72,7.979,10.09,161,83.4,984.5914,0.163,-0.415,287.4,263.2,-5.82,-5.255
"2025-03-02 01:06:00",748,12.23,-6.015,-6.094,90,89.4,4.879,8.85,7.979,10,160.5,81,984.6391,0.032,-0.717,287.1,262.2,-5.876,-5.258
"2025-03-02 01:07:00",749,12.23,-6.038,-6.117,90,89.5,5.034,8.9,7.001,10.39,158.8,73.13,984.648,-0.018,-0.823,287.2,264.2,-5.902,-5.263
"2025-03-02 01:08:00",750,12.23,-6.05,-6.127,89.9,89.5,3.981,6.576,5.869,7.742,159.9,72.06,984.638,0.102,-0.683,286.9,266.4,-5.921,-5.268
"2025-03-02 01:09:00",751,12.23,-6.081,-6.166,90,89.7,3.958,6.251,7.928,7.644,158.4,85.4,984.6274,0.032,-0.795,286.3,262.6,-5.956,-5.27
"2025-03-02 01:10:00",752,12.23,-6.114,-6.209,90,89.9,3.3,5.227,5.663,6.86,158.8,77.95,984.608,0.019,-0.899,286,264.9,-5.995,-5.273
"2025-03-02 01:11:00",753,12.23,-6.133,-6.226,90.1,90.1,4.772,6.452,8.24,8.04,160.7,74.34,984.6608,-0.021,-0.886,286.4,267.4,-6.012,-5.274
"2025-03-02 01:12:00",754,12.23,-6.124,-6.215,90.1,90.2,4.476,7.389,7.979,9.6,171.4,83.8,984.6893,0.037,-0.786,286.4,262.9,-6.021,-5.278
"2025-03-02 01:13:00",755,12.23,-6.118,-6.205,90.2,90.1,4.071,6.989,6.126,8.43,171.1,90.9,984.6976,0.215,-0.68,286.2,259.7,-6.022,-5.285
"2025-03-02 01:14:00",756,12.23,-6.14,-6.231,90.2,90.1,6.28,7.776,9.88,10,185.3,96.9,984.6448,0.163,-0.814,285.7,257.7,-6.054,-5.284
"2025-03-02 01:15:00",757,12.23,-6.155,-6.238,90.2,90.2,6.249,7.886,8.7,8.92,202.1,87.4,984.6547,0.12,-0.823,286.1,262.2,-6.076,-5.285
"2025-03-02 01:16:00",758,12.23,-6.154,-6.245,90.2,90.2,5.811,7.094,8.55,8.33,202.2,96.6,984.6542,0.118,-0.791,285.7,257.9,-6.089,-5.289
"2025-03-02 01:17:00",759,12.23,-6.159,-6.247,90.2,90.2,5.844,6.022,8.13,7.742,202.2,89.2,984.6824,0.207,-0.838,284.7,250.5,-6.115,-5.293
"2025-03-02 01:18:00",760,12.23,-6.184,-6.271,90.2,90.2,4.877,5.187,6.486,6.37,202.2,87.6,984.6602,0.143,-1.096,283.9,251.4,-6.156,-5.294
"2025-03-02 01:19:00",761,12.23,-6.202,-6.279,90.2,90.2,5.507,5.816,7.053,6.958,202.3,95.5,984.6116,0.099,-1.171,284,252.4,-6.186,-5.295
"2025-03-02 01:20:00",762,12.23,-6.176,-6.236,90.2,90.1,8.49,8.36,10.5,10.09,205.3,109.8,984.6616,0.125,-1.146,285.3,253.8,-6.18,-5.301
"2025-03-02 01:21:00",763,12.23,-6.11,-6.159,90.2,89.5,8.22,7.812,10.76,9.41,205.9,94.1,984.6541,0.487,-0.711,285.4,256.4,-6.149,-5.302
"2025-03-02 01:22:00",764,12.23,-6.114,-6.177,90.1,89.3,8.19,7.987,9.83,9.21,207.1,104.4,984.6586,0.424,-0.7,285.2,255.2,-6.153,-5.304
"2025-03-02 01:23:00",765,12.23,-6.108,-6.172,90,89.3,8.03,7.801,9.73,9.21,209.9,114.3,984.6348,0.336,-0.774,285.4,255.7,-6.15,-5.306
"2025-03-02 01:24:00",766,12.23,-6.096,-6.156,89.9,89.1,7.082,7.216,9.68,10.29,210.5,114.6,984.639,0.388,-0.722,285.2,255.9,-6.146,-5.31
"2025-03-02 01:25:00",767,12.23,-6.064,-6.123,89.8,88.7,6.31,6.234,9.63,8.72,215.5,120.4,984.6324,0.464,-0.679,285.6,260.8,-6.116,-5.314
"2025-03-02 01:26:00",768,12.23,-6.04,-6.103,89.7,88.5,5.666,5.64,8.6,8.53,215.3,109.9,984.6526,0.541,-0.534,285.6,262.6,-6.093,-5.314
"2025-03-02 01:27:00",769,12.23,-6.014,-6.072,89.6,88.1,8.14,8.07,10.19,10.19,218,102.7,984.5998,0.554,-0.469,286.3,263.2,-6.059,-5.316
"2025-03-02 01:28:00",770,12.23,-5.999,-6.059,89.4,87.9,7.305,7.056,9.78,9.02,219.1,111,984.6313,0.551,-0.389,286.2,267.1,-6.038,-5.323
"2025-03-02 01:29:00",771,12.23,-5.986,-6.038,89.3,87.6,6.486,6.831,9.42,9.31,222,121.7,984.5894,0.387,-0.436,286.8,270.9,-6.013,-5.323
"2025-03-02 01:30:00",772,12.23,-5.947,-6.005,89.1,87.2,4.923,5.32,7.516,7.252,225.1,115.4,984.6066,0.518,-0.271,286.8,274.8,-5.983,-5.325
