"TOA5","1481","CR3000","1481","CR3000.Std.32.06","CPU:AWS_MaggieMay_no_sonic_v3.CR3","13840","Res_data_1_min"
"TIMESTAMP","RECORD","BattV","temperature_1","temperature_2","rel_humidity_1","rel_humidity_2","wind_speed_1","wind_speed_2","gust_speed_1","gust_speed_2","wind_direction_1","wind_direction_2","air_pressure","SWup","SWdown","LWup","LWdown","CNR1_T_degC","ground_temperature"
"TS","RN","Volts","degC","degC","%","%","m/s","m/s","m/s","m/s","deg","deg","hPa","W/m^2","W/m^2","W/m^2","W/m^2","degC","degC"
"","","Min","Avg","Avg","Smp","Smp","Avg","Avg","Max","Max","Smp","Smp","Avg","Avg","Avg","Avg","Avg","Avg","Avg"
"2025-03-10 06:01:00",12562,11.84,-15.07,-14.46,73.46,73.84,3.557,3.564,4.067,4.116,342,240.5,986.0233,5.303,3.426,232.1,193.2,-18,-9.73
"2025-03-10 06:02:00",12563,11.84,-14.92,-14.34,73.28,73.53,3.528,3.371,4.067,3.92,342,235.3,985.9743,5.867,3.823,232.8,192.8,-17.91,-9.73
"2025-03-10 06:03:00",12564,11.84,-14.64,-14.19,73.76,73.95,3.096,2.989,3.707,3.626,342,238.4,985.9708,6.828,4.698,234.8,195.2,-17.65,-9.73
"2025-03-10 06:04:00",12565,11.84,-14.49,-14.03,72.1,73.03,2.952,2.773,3.449,3.234,342,238,985.9987,7.397,5.215,231.4,192.4,-17.56,-9.73
"2025-03-10 06:05:00",12566,11.84,-14.62,-13.99,71.17,73.12,2.867,2.711,3.14,3.038,342,240,985.9705,6.829,4.518,227.3,188.2,-17.73,-9.74
"2025-03-10 06:06:00",12567,11.84,-14.78,-14.01,71.03,72.02,3.196,2.835,3.604,3.43,342,234.9,985.991,4.469,2.376,226.7,188.8,-18.01,-9.74
"2025-03-10 06:07:00",12568,11.84,-14.88,-14.1,72.08,73.07,3.033,2.788,3.707,3.136,342.1,230.8,985.9689,4.663,2.774,227.1,189.6,-18.1,-9.74
"2025-03-10 06:08:00",12569,11.84,-14.86,-14.11,71.57,72.22,3.363,3.027,3.912,3.626,342,230.7,985.9574,4.575,2.849,228,190.8,-18.17,-9.74
"2025-03-10 06:09:00",12570,11.84,-14.76,-14.06,72.22,71.9,3.5,3.165,4.015,3.43,342,230.5,985.957,5.374,3.772,229.4,191.6,-18.14,-9.74
"2025-03-10 06:10:00",12571,11.84,-14.71,-14.07,72.22,73.01,3.122,3.038,3.552,3.528,342,230,985.9467,6.159,4.503,229,191.8,-18.08,-9.74
"2025-03-10 06:11:00",12572,11.84,-14.58,-13.95,71.62,72.42,2.879,2.806,3.192,3.234,342,233.6,985.9894,6.496,4.765,227.7,191.3,-18.07,-9.74
"2025-03-10 06:12:00",12573,11.84,-14.65,-13.9,70.12,70,3.607,3.574,4.015,4.116,342,231.8,985.9758,6.156,4.446,228.7,190.9,-18.11,-9.75
"2025-03-10 06:13:00",12574,11.84,-14.78,-14.08,69.08,68.96,3.944,3.855,4.427,4.508,342,226.7,986.0237,6.414,4.821,229.5,191.4,-18.07,-9.75
"2025-03-10 06:14:00",12575,11.84,-14.91,-14.32,70.62,70.6,3.622,3.539,4.118,4.116,342,226.4,986.0007,6.573,4.984,229.5,191.6,-18.04,-9.75
"2025-03-10 06:15:00",12576,11.84,-15,-14.49,70.89,71.74,3.5,3.365,3.758,3.724,342,230.6,985.9846,6.795,5.145,229.2,191.2,-18.03,-9.75
"2025-03-10 06:16:00",12577,11.84,-15.05,-14.57,69.86,71.58,3.401,3.205,3.81,3.724,342,241,985.9907,7.242,5.577,229.2,191.4,-17.98,-9.76
"2025-03-10 06:17:00",12578,11.84,-15.13,-14.62,71.7,72.34,3.298,3.214,3.655,3.528,342,236.6,985.9787,7.086,5.401,229.2,191.7,-17.97,-9.76
"2025-03-10 06:18:00",12579,11.84,-15.01,-14.58,72.54,73.3,3.084,2.994,3.398,3.43,342,234.8,985.9932,7.442,5.796,228.2,191.1,-17.96,-9.76
"2025-03-10 06:19:00",12580,11.84,-14.82,-14.45,72.34,73.22,3.017,2.782,3.501,3.136,342.1,233.9,986.0065,7.384,5.75,229,191.8,-17.95,-9.76
"2025-03-10 06:20:00",12581,11.84,-14.84,-14.4,70.53,71.27,3.092,2.857,3.398,3.332,342,248.6,985.9983,7.436,5.766,228.9,191.3,-17.97,-9.77
"2025-03-10 06:21:00",12582,11.84,-14.84,-14.39,71.14,72.76,2.91,2.896,3.398,3.43,342,237.5,986.0046,7.829,6.119,229.3,191.8,-17.92,-9.77
"2025-03-10 06:22:00",12583,11.84,-14.75,-14.27,71.8,72.56,2.823,2.778,3.243,3.43,342,247.7,986.0035,7.858,6.113,230.3,193,-17.87,-9.77
"2025-03-10 06:23:00",12584,11.84,-14.57,-14.14,72.57,72.34,2.946,2.991,3.964,3.724,342,259.8,985.9685,8.73,6.844,233.8,195.2,-17.67,-9.77
"2025-03-10 06:24:00",12585,11.84,-14.41,-14.05,70.81,70.81,3.145,3.281,3.861,3.92,342,251.6,985.9797,10.04,7.8,234.4,194.8,-17.46,-9.77
"2025-03-10 06:25:00",12586,11.84,-14.27,-13.97,70.4,69.91,3.28,3.272,4.015,3.822,342,241.7,986.0113,10.7,8.31,236.2,195.4,-17.24,-9.78
"2025-03-10 06:26:00",12587,11.84,-14.24,-13.99,69.35,69.75,3.261,3.33,4.17,4.018,342,245.7,986.0035,10.9,8.37,234.5,193.5,-17.17,-9.78
"2025-03-10 06:27:00",12588,11.84,-14.43,-14.14,68.39,69.47,3.482,3.399,3.758,3.724,342,240.8,986.0061,10.34,7.812,232.5,191.4,-17.23,-9.78
"2025-03-10 06:28:00",12589,11.84,-14.51,-14.24,69.69,70.34,3.389,3.334,3.758,3.822,342,237.4,986.0149,9.25,7.003,232.6,192.3,-17.31,-9.78
"2025-03-10 06:29:00",12590,11.84,-14.53,-14.26,69.26,69.9,3.448,3.412,3.81,3.626,342,246.7,986.0289,9.59,7.526,232.5,192.2,-17.3,-9.79
"2025-03-10 06:30:00",12591,11.84,-14.55,-14.3,69.54,70.48,3.395,3.409,3.655,3.626,342.1,235.4,985.9999,9.27,7.275,231.2,191.3,-17.39,-9.79
