"TOA5","1481","CR3000","1481","CR3000.Std.32.06","CPU:AWS_MaggieMay_no_sonic_v3.CR3","13840","Res_data_1_min"
"TIMESTAMP","RECORD","BattV","temperature_1","temperature_2","rel_humidity_1","rel_humidity_2","wind_speed_1","wind_speed_2","gust_speed_1","gust_speed_2","wind_direction_1","wind_direction_2","air_pressure","SWup","SWdown","LWup","LWdown","CNR1_T_degC","ground_temperature"
"TS","RN","Volts","degC","degC","%","%","m/s","m/s","m/s","m/s","deg","deg","hPa","W/m^2","W/m^2","W/m^2","W/m^2","degC","degC"
"","","Min","Avg","Avg","Smp","Smp","Avg","Avg","Max","Max","Smp","Smp","Avg","Avg","Avg","Avg","Avg","Avg","Avg"
"2025-03-04 02:01:00",3683,11.9,-12.03,-12.08,84.4,84.3,6.655,8.32,8.55,9.6,64.63,66.37,984.6453,0.01,-1.182,259.6,225.9,-12.02,-9.37
"2025-03-04 02:02:00",3684,11.9,-12.05,-12.1,84.8,84.9,6.063,8.35,8.49,10,60.7,72.22,984.6548,0.058,-1.03,260.4,234.7,-12.04,-9.37
"2025-03-04 02:03:00",3685,11.9,-12.01,-12.06,85.1,84.9,8.14,9.18,9.78,10.78,60.57,56.84,984.6801,0.062,-0.889,261.5,233.9,-12,-9.37
"2025-03-04 02:04:00",3686,11.9,-11.93,-11.97,85.1,84.1,7.109,7.969,8.44,9.21,63.35,62.86,984.6922,0.455,-0.52,260.3,222.8,-11.97,-9.38
"2025-03-04 02:05:00",3687,11.9,-11.93,-11.96,84.9,83.7,6.178,7.01,7.568,8.23,63.46,64.73,984.732,0.501,-0.685,258.9,219.5,-12,-9.38
"2025-03-04 02:06:00",3688,11.9,-12,-12.03,84.7,84,5.564,6.613,8.19,8.62,66.81,63.19,984.6936,0.178,-1.181,257.9,219.7,-12.07,-9.38
"2025-03-04 02:07:00",3689,11.9,-12.03,-12.07,84.7,84,5.962,7.308,7.825,8.72,66.85,63.53,984.6624,0.033,-1.36,258.2,217.9,-12.11,-9.38
"2025-03-04 02:08:00",3690,11.9,-12.05,-12.08,84.7,84,6.228,6.746,7.876,7.84,65.71,54.86,984.6624,0.175,-1.215,257.9,217.2,-12.14,-9.38
"2025-03-04 02:09:00",3691,11.9,-12.09,-12.12,84.7,84.3,6.76,7.371,9.11,9.31,66.23,61.11,984.6649,0.029,-1.374,257.8,212.2,-12.18,-9.38
"2025-03-04 02:10:00",3692,11.9,-12.07,-12.11,84.8,84.1,6.866,8.02,8.91,9.8,73.9,65.23,984.7119,0.32,-1.145,257.7,211.2,-12.19,-9.38
"2025-03-04 02:11:00",3693,11.9,-12.08,-12.11,84.9,84.4,6.611,8.01,8.85,10,75.03,77.69,984.6725,0.292,-1.241,258.1,216.8,-12.21,-9.38
"2025-03-04 02:12:00",3694,11.9,-12.1,-12.15,85,84.8,6.3,8.4,8.65,10.09,66.7,69.95,984.6549,0.205,-1.162,258.8,223.9,-12.22,-9.38
"2025-03-04 02:13:00",3695,11.9,-12.07,-12.12,85.2,85,7.598,8.58,10.66,10.78,66.45,68.54,984.6551,0.263,-1.01,259,220.2,-12.2,-9.38
"2025-03-04 02:14:00",3696,11.9,-12.04,-12.09,85.1,84.4,6.352,7.273,7.876,8.62,66.8,69.79,984.688,0.478,-0.805,258.4,215.9,-12.19,-9.38
"2025-03-04 02:15:00",3697,11.9,-12.08,-12.12,85.1,84.8,7.729,8.85,9.42,10.39,62.88,59.17,984.7422,0.309,-0.993,259,217.8,-12.19,-9.38
"2025-03-04 02:16:00",3698,11.9,-12.08,-12.1,85.1,84.6,7.255,8.26,9.16,9.7,66.87,62.68,984.6873,0.42,-0.805,259.2,219.1,-12.17,-9.38
"2025-03-04 02:17:00",3699,11.9,-12.08,-12.11,85.3,85,7.854,8.9,9.63,11.27,64.66,63.37,984.6995,0.419,-0.733,259.9,227.8,-12.15,-9.39
"2025-03-04 02:18:00",3700,11.9,-12.04,-12.08,85.5,85.2,7.896,8.35,9.06,9.31,66.97,54.8,984.7103,0.375,-0.65,260.2,228.2,-12.13,-9.39
"2025-03-04 02:19:00",3701,11.9,-11.96,-12.01,85.6,84.9,8.14,8.78,9.37,10.09,66.8,61.63,984.6954,0.445,-0.538,260.8,230.7,-12.08,-9.4
"2025-03-04 02:20:00",3702,11.9,-11.87,-11.9,85.5,84.2,8.58,9.19,9.94,10.68,67.51,57.18,984.6588,0.539,-0.421,261.3,234,-12.02,-9.4
"2025-03-04 02:21:00",3703,11.9,-11.81,-11.86,85.3,83.8,8.11,8.51,9.47,9.7,69.69,57.1,984.6599,0.616,-0.224,261.2,231.8,-11.97,-9.41
"2025-03-04 02:22:00",3704,11.9,-11.82,-11.86,85.1,83.7,7.546,8.11,9.63,10.09,71.05,58.23,984.6747,0.576,-0.368,260.4,221.9,-11.96,-9.41
"2025-03-04 02:23:00",3705,11.9,-11.86,-11.9,84.9,83.6,6.808,7.92,9.42,9.31,70.98,65.69,984.6805,0.54,-0.588,259.4,221.9,-11.98,-9.42
"2025-03-04 02:24:00",3706,11.9,-11.91,-11.95,84.8,84.1,6.578,7.886,8.24,9.11,70.83,65.12,984.6522,0.306,-0.867,259.8,229.8,-12.01,-9.42
"2025-03-04 02:25:00",3707,11.9,-11.94,-11.99,85,84.8,6.666,7.59,7.825,8.92,67.55,63.89,984.7116,0.28,-0.854,258.8,216.7,-12.04,-9.42
"2025-03-04 02:26:00",3708,11.9,-12,-12.05,85.1,85.1,6.426,7.468,8.03,8.53,66.23,59.81,984.7137,0.094,-1.188,258.5,220.7,-12.09,-9.42
"2025-03-04 02:27:00",3709,11.9,-12.03,-12.08,85.3,85.3,6.432,7.401,7.979,8.92,70.41,68.55,984.7156,0.13,-1.05,259.4,231.2,-12.1,-9.42
"2025-03-04 02:28:00",3710,11.9,-12.04,-12.09,85.4,85.4,6.211,7.071,7.722,8.13,71.54,67.85,984.7092,0.224,-0.801,259.3,227.3,-12.1,-9.42
"2025-03-04 02:29:00",3711,11.9,-12.05,-12.1,85.5,85.5,7.143,8.14,8.85,9.51,72.79,62.43,984.686,0.229,-0.816,259.5,222.4,-12.1,-9.42
"2025-03-04 02:30:00",3712,11.9,-12.06,-12.11,85.6,85.3,7.193,8.34,9.01,10,75.58,63.64,984.6917,0.285,-0.82,259.5,222.4,-12.1,-9.43
