"TOA5","1481","CR3000","1481","CR3000.Std.32.06","CPU:AWS_MaggieMay_no_sonic_v3.CR3","13840","Res_data_1_min"
"TIMESTAMP","RECORD","BattV","temperature_1","temperature_2","rel_humidity_1","rel_humidity_2","wind_speed_1","wind_speed_2","gust_speed_1","gust_speed_2","wind_direction_1","wind_direction_2","air_pressure","SWup","SWdown","LWup","LWdown","CNR1_T_degC","ground_temperature"
"TS","RN","Volts","degC","degC","%","%","m/s","m/s","m/s","m/s","deg","deg","hPa","W/m^2","W/m^2","W/m^2","W/m^2","degC","degC"
"","","Min","Avg","Avg","Smp","Smp","Avg","Avg","Max","Max","Smp","Smp","Avg","Avg","Avg","Avg","Avg","Avg","Avg"
"2025-03-07 11:01:00",8543,11.96,-8.08,-8.14,88.4,88,0.614,0.284,1.338,0.882,344.9,204.8,983.6314,48.57,29.61,277.1,284.3,-7.152,-7.906
"2025-03-07 11:02:00",8544,11.96,-8.05,-8.11,88.2,87.8,1.148,1.116,1.544,1.764,344.9,231.2,983.6542,48.76,29.73,277.6,284.3,-7.146,-7.907
"2025-03-07 11:03:00",8545,11.96,-8.04,-8.11,87.9,87.5,0.927,0.862,1.493,1.568,344.9,285.4,983.6221,48.84,29.83,278,284.3,-7.144,-7.906
"2025-03-07 11:04:00",8546,11.96,-8.02,-8.09,87.7,87.2,0.293,0.034,0.463,0.392,344.9,285.4,983.6239,48.96,29.91,277.3,284.3,-7.133,-7.907
"2025-03-07 11:05:00",8547,11.96,-8.03,-8.08,87.3,86.8,0.815,0.759,1.184,1.372,344.9,299.3,983.5853,49.31,30.11,277.2,284.3,-7.132,-7.906
"2025-03-07 11:06:00",8548,11.96,-8.09,-8.12,87.1,86.6,1.024,1.067,1.236,1.372,344.9,291.8,983.6074,49.44,30.49,277.2,284.4,-7.156,-7.905
"2025-03-07 11:07:00",8549,11.96,-8.13,-8.15,87,86.5,1.036,1.125,1.596,2.058,344.9,284.3,983.6523,49.53,30.86,277.5,284.3,-7.173,-7.906
"2025-03-07 11:08:00",8550,11.96,-8.18,-8.2,86.7,86.2,1.604,2.056,2.214,2.646,344.9,242.4,983.6437,49.94,31.13,277.6,284.2,-7.187,-7.903
"2025-03-07 11:09:00",8551,11.96,-8.23,-8.26,86.5,86,2.34,2.963,3.243,3.822,344.9,239.3,983.5887,50.17,31.32,277.9,283.9,-7.207,-7.905
"2025-03-07 11:10:00",8552,11.96,-8.26,-8.29,86.3,85.9,2.78,3.358,3.604,3.92,344.9,237.4,983.6311,50.54,31.24,278.3,283.5,-7.235,-7.904
"2025-03-07 11:11:00",8553,11.96,-8.26,-8.29,86.1,85.8,2.587,3.028,3.243,3.822,344.9,244.4,983.623,51.1,31.24,278.6,283.5,-7.252,-7.899
"2025-03-07 11:12:00",8554,11.96,-8.22,-8.25,85.9,85.5,2.424,2.659,3.192,3.43,344.9,236.5,983.644,51.86,31.37,278.7,283.5,-7.261,-7.901
"2025-03-07 11:13:00",8555,11.96,-8.18,-8.21,85.6,85,1.945,2.233,2.677,2.744,344.9,239.6,983.6288,52.5,31.63,278.4,283.5,-7.269,-7.901
"2025-03-07 11:14:00",8556,11.96,-8.2,-8.23,85.2,84.5,2.153,2.62,2.625,3.136,344.9,243.9,983.6525,52.82,31.91,278,283.5,-7.286,-7.898
"2025-03-07 11:15:00",8557,11.96,-8.25,-8.28,85,84.5,2.564,3.108,2.934,3.528,344.9,240,983.6262,53.23,32.19,278.1,283.3,-7.314,-7.899
"2025-03-07 11:16:00",8558,11.96,-8.28,-8.32,85,84.7,2.795,3.221,3.192,3.626,344.9,232.4,983.6542,53.71,32.43,278.3,283.1,-7.336,-7.898
"2025-03-07 11:17:00",8559,11.96,-8.31,-8.34,85.1,84.9,2.097,2.354,2.574,2.842,344.9,234.4,983.6594,54.16,32.66,278,283.2,-7.357,-7.897
"2025-03-07 11:18:00",8560,11.96,-8.34,-8.37,85.1,84.9,2.257,2.553,2.728,3.038,344.9,231.5,983.6786,54.59,32.85,278,283.2,-7.362,-7.895
"2025-03-07 11:19:00",8561,11.96,-8.33,-8.38,85.3,85.1,1.276,1.349,2.111,2.45,344.9,248.3,983.6467,54.73,32.88,278.1,283.2,-7.362,-7.892
"2025-03-07 11:20:00",8562,11.96,-8.28,-8.33,85.4,85.2,1.512,1.537,2.986,3.136,344.9,242.2,983.6201,54.95,32.91,277.7,283.4,-7.334,-7.892
"2025-03-07 11:21:00",8563,11.96,-8.21,-8.25,85.2,84.5,2.444,2.69,2.883,3.234,344.9,244.1,983.6525,55.17,33.01,278.5,283.2,-7.336,-7.891
"2025-03-07 11:22:00",8564,11.96,-8.18,-8.22,84.7,83.8,2.437,2.865,2.728,3.234,344.9,248.1,983.6524,54.85,32.92,278.3,283.1,-7.353,-7.894
"2025-03-07 11:23:00",8565,11.96,-8.19,-8.22,84.4,83.6,2.461,2.734,3.14,3.43,344.9,245.6,983.6554,54.37,32.73,278.6,283,-7.36,-7.893
"2025-03-07 11:24:00",8566,11.96,-8.15,-8.19,84.1,83,2.04,2.409,2.471,3.136,344.9,243.8,983.6365,54.39,32.53,278.7,283.2,-7.337,-7.89
"2025-03-07 11:25:00",8567,11.96,-8.12,-8.16,83.6,82.5,3.201,3.708,4.685,5.194,344.9,233.5,983.6699,54.58,32.6,278.4,283,-7.347,-7.889
"2025-03-07 11:26:00",8568,11.96,-8.17,-8.22,83.5,82.8,2.901,3.432,3.449,4.018,344.9,271,983.6674,54.19,32.65,278.1,282.9,-7.375,-7.889
"2025-03-07 11:27:00",8569,11.96,-8.23,-8.28,83.6,83.2,2.831,3.397,4.324,5.194,344.9,231.1,983.6502,54.29,32.81,277.9,282.8,-7.407,-7.887
"2025-03-07 11:28:00",8570,11.96,-8.26,-8.31,83.8,83.2,3.172,3.824,4.891,5.88,344.9,225.1,983.6721,54.62,32.91,278.3,282.8,-7.415,-7.885
"2025-03-07 11:29:00",8571,11.96,-8.2,-8.26,83.7,82.9,2.904,3.221,4.273,4.704,344.9,237.2,983.6648,55.21,32.99,278.8,282.8,-7.41,-7.884
"2025-03-07 11:30:00",8572,11.96,-8.15,-8.22,83.2,82.3,2.396,2.978,3.398,4.214,344.9,258.1,983.6573,55.66,33,278.1,282.9,-7.403,-7.884
