"TOA5","1481","CR3000","1481","CR3000.Std.32.06","CPU:AWS_MaggieMay_no_sonic_v3.CR3","13840","Res_data_1_min"
"TIMESTAMP","RECORD","BattV","temperature_1","temperature_2","rel_humidity_1","rel_humidity_2","wind_speed_1","wind_speed_2","gust_speed_1","gust_speed_2","wind_direction_1","wind_direction_2","air_pressure","SWup","SWdown","LWup","LWdown","CNR1_T_degC","ground_temperature"
"TS","RN","Volts","degC","degC","%","%","m/s","m/s","m/s","m/s","deg","deg","hPa","W/m^2","W/m^2","W/m^2","W/m^2","degC","degC"
"","","Min","Avg","Avg","Smp","Smp","Avg","Avg","Max","Max","Smp","Smp","Avg","Avg","Avg","Avg","Avg","Avg","Avg"
"2025-03-02 23:31:00",2093,12.14,-4.926,-5.019,90.4,89.8,6.123,6.349,7.413,7.546,235.2,52.56,983.0353,0.034,-0.138,293.3,289.4,-4.753,-4.74
"2025-03-02 23:32:00",2094,12.13,-4.914,-5.006,90.4,89.7,6.124,6.365,7.568,7.448,235.2,58.81,983.0401,0.099,-0.052,293.3,289.4,-4.754,-4.742
"2025-03-02 23:33:00",2095,12.13,-4.918,-5.01,90.4,89.7,6.028,6.386,7.671,7.84,235.2,58.4,983.0737,0.043,-0.115,293.4,289.5,-4.753,-4.743
"2025-03-02 23:34:00",2096,12.13,-4.925,-5.019,90.4,89.8,5.884,6.086,7.104,7.154,235.2,50.1,983.0781,0.068,-0.106,293.3,289.4,-4.756,-4.745
"2025-03-02 23:35:00",2097,12.13,-4.937,-5.031,90.4,89.8,6.14,6.38,7.413,7.546,235.2,50.9,983.0593,-0.001,-0.162,293.3,289.6,-4.763,-4.745
"2025-03-02 23:36:00",2098,12.13,-4.935,-5.033,90.4,89.9,6.229,6.504,7.259,7.35,235.2,60.6,983.0381,0.03,-0.121,293.3,289.5,-4.76,-4.743
"2025-03-02 23:37:00",2099,12.13,-4.947,-5.042,90.5,89.9,5.52,5.705,6.847,6.86,235.2,50.92,983.0186,0.032,-0.105,293.2,289.4,-4.763,-4.745
"2025-03-02 23:38:00",2100,12.13,-4.958,-5.051,90.5,89.9,6.223,6.595,7.207,7.35,235.2,55.05,983.0325,-0.011,-0.162,293.3,289.7,-4.77,-4.746
"2025-03-02 23:39:00",2101,12.13,-4.958,-5.054,90.5,89.9,6.353,6.573,7.31,7.644,235.2,58.66,983.0233,0.037,-0.094,293.3,289.7,-4.771,-4.747
"2025-03-02 23:40:00",2102,12.13,-4.971,-5.065,90.5,90,5.988,6.269,7.053,7.154,235.2,61.88,983.046,-0.001,-0.114,293.1,289.5,-4.787,-4.747
"2025-03-02 23:41:00",2103,12.13,-4.995,-5.089,90.6,90.1,5.378,5.949,7.516,8.13,235.2,60.91,983.0046,-0.081,-0.24,293.1,289.5,-4.802,-4.747
"2025-03-02 23:42:00",2104,12.13,-4.989,-5.088,90.7,90.2,6.487,6.937,7.413,7.644,235.2,53.55,983.0255,-0.047,-0.198,293.3,289.9,-4.8,-4.746
"2025-03-02 23:43:00",2105,12.13,-4.986,-5.084,90.7,90.2,5.531,6.185,6.589,7.056,235.2,69.62,983.0427,0.021,-0.109,293.2,289.4,-4.801,-4.75
"2025-03-02 23:44:00",2106,12.13,-4.988,-5.086,90.7,90.3,5.195,5.661,5.972,6.566,235.2,59.14,983.0164,0.008,-0.133,293.2,289.3,-4.802,-4.748
"2025-03-02 23:45:00",2107,12.13,-4.988,-5.086,90.7,90.3,4.908,5.067,5.869,5.782,235.2,53.85,983.0114,0.046,-0.1,293.1,289.2,-4.802,-4.752
"2025-03-02 23:46:00",2108,12.13,-5.005,-5.101,90.7,90.3,4.758,4.946,5.405,5.684,235.2,49.23,983.0125,0.014,-0.139,292.9,289.1,-4.812,-4.754
"2025-03-02 23:47:00",2109,12.13,-5.025,-5.12,90.8,90.4,5.385,5.738,6.229,6.762,235.2,61.86,982.999,-0.072,-0.221,293,289.5,-4.821,-4.751
"2025-03-02 23:48:00",2110,12.13,-5.018,-5.119,90.8,90.4,6.135,6.814,7.31,7.644,235.2,62.25,982.9975,-0.035,-0.183,293.3,289.8,-4.813,-4.753
"2025-03-02 23:49:00",2111,12.13,-5.01,-5.111,90.9,90.5,5.519,6.408,6.332,7.154,235.2,62.8,982.9725,0.027,-0.086,293.2,289.6,-4.813,-4.752
"2025-03-02 23:50:00",2112,12.13,-5.016,-5.119,90.9,90.5,5.628,5.996,7.053,6.958,235.2,64.58,982.9863,-0.01,-0.157,293.1,289.6,-4.826,-4.753
"2025-03-02 23:51:00",2113,12.13,-5.027,-5.127,91,90.6,5.066,5.413,5.869,6.076,235.2,64.14,982.9399,0.004,-0.111,293.1,289.5,-4.824,-4.755
"2025-03-02 23:52:00",2114,12.13,-5.038,-5.14,91,90.7,5.721,6.035,6.538,6.958,235.2,61.69,982.9852,-0.023,-0.186,293.1,289.2,-4.839,-4.756
"2025-03-02 23:53:00",2115,12.13,-5.044,-5.146,91,90.7,5.557,5.723,7.053,7.252,235.2,56.25,982.9698,-0.011,-0.133,292.9,289,-4.846,-4.755
"2025-03-02 23:54:00",2116,12.13,-5.044,-5.146,91,90.8,5.587,6.061,6.795,7.154,235.2,58.81,982.9446,-0.057,-0.2,293.1,289.5,-4.848,-4.755
"2025-03-02 23:55:00",2117,12.13,-5.03,-5.133,91.1,90.7,6.096,6.377,7.259,7.448,235.2,56.52,982.929,0.023,-0.104,293.1,289.2,-4.846,-4.754
"2025-03-02 23:56:00",2118,12.13,-5.026,-5.123,91.1,90.7,5.877,6.024,7.362,7.252,235.2,54.99,982.958,0.039,-0.119,293,289.2,-4.846,-4.754
"2025-03-02 23:57:00",2119,12.13,-5.018,-5.114,91.1,90.6,5.615,5.829,6.486,6.468,235.2,55.94,982.9485,0.039,-0.094,293.1,289.4,-4.842,-4.754
"2025-03-02 23:58:00",2120,12.13,-5.006,-5.105,91,90.6,5.56,5.718,6.332,6.468,235.2,54.6,982.959,0.095,-0.073,293.1,289.5,-4.83,-4.753
"2025-03-02 23:59:00",2121,12.13,-5.006,-5.099,91,90.5,6.578,6.827,7.671,7.546,235.2,61.62,982.9515,0.027,-0.095,293.2,289.4,-4.829,-4.754
"2025-03-03 00:00:00",2122,12.13,-4.999,-5.096,91,90.5,5.819,6.03,7.362,7.35,235.2,56.9,982.9265,0.12,-0.059,293.1,289.2,-4.828,-4.756
