"TOA5","1481","CR3000","1481","CR3000.Std.32.06","CPU:AWS_MaggieMay_no_sonic_v3.CR3","13840","Res_data_1_min"
"TIMESTAMP","RECORD","BattV","temperature_1","temperature_2","rel_humidity_1","rel_humidity_2","wind_speed_1","wind_speed_2","gust_speed_1","gust_speed_2","wind_direction_1","wind_direction_2","air_pressure","SWup","SWdown","LWup","LWdown","CNR1_T_degC","ground_temperature"
"TS","RN","Volts","degC","degC","%","%","m/s","m/s","m/s","m/s","deg","deg","hPa","W/m^2","W/m^2","W/m^2","W/m^2","degC","degC"
"","","Min","Avg","Avg","Smp","Smp","Avg","Avg","Max","Max","Smp","Smp","Avg","Avg","Avg","Avg","Avg","Avg","Avg"
"2025-03-09 01:01:00",10823,11.59,-13.02,-13.09,76.55,77.9,2.476,2.597,2.831,3.234,344.3,235.3,984.204,0.849,-0.121,255.4,243,-13.33,-9.61
"2025-03-09 01:02:00",10824,11.59,-13.03,-13.09,76.56,78.14,2.568,2.695,3.346,3.332,344.2,220,984.2333,0.63,-0.115,255.2,243.8,-13.34,-9.62
"2025-03-09 01:03:00",10825,11.59,-13.02,-13.09,76.37,77.6,2.329,2.391,2.883,2.94,344.2,221,984.213,0.781,-0.116,255.3,243.8,-13.32,-9.61
"2025-03-09 01:04:00",10826,11.59,-13.08,-13.13,76.23,77.88,2.151,2.254,2.523,2.744,344.2,222.3,984.2203,0.414,-0.068,254.5,243.1,-13.34,-9.62
"2025-03-09 01:05:00",10827,11.59,-13.14,-13.16,76.05,77.42,2.08,2.145,3.295,3.332,344.1,202,984.1929,0.353,-0.063,254.2,242.7,-13.35,-9.62
"2025-03-09 01:06:00",10828,11.59,-13.16,-13.19,76.57,78.04,2.755,2.956,3.449,3.724,344.3,257.5,984.2048,0.135,-0.081,255,243.6,-13.35,-9.62
"2025-03-09 01:07:00",10829,11.59,-13.13,-13.16,76.7,78.09,2.589,2.718,3.346,3.332,344.3,248.7,984.2303,0.33,-0.072,255.4,244.6,-13.34,-9.62
"2025-03-09 01:08:00",10830,11.59,-13.12,-13.15,76.43,77.55,2.282,2.394,2.574,2.744,344.1,228.1,984.1845,0.548,-0.071,255.4,246.2,-13.32,-9.62
"2025-03-09 01:09:00",10831,11.59,-13.17,-13.21,76.22,77.8,2.188,2.323,2.625,2.744,344.1,210.1,984.1985,0.33,-0.044,255.1,247.7,-13.34,-9.62
"2025-03-09 01:10:00",10832,11.59,-13.21,-13.23,76.48,78.14,2.002,2.069,2.162,2.254,344.2,211.1,984.2103,0.125,-0.075,255.2,249,-13.36,-9.63
"2025-03-09 01:11:00",10833,11.59,-13.24,-13.24,76.55,77.85,1.87,1.955,2.214,2.254,344.2,219.7,984.2421,-0.028,-0.076,255.1,249.4,-13.38,-9.63
"2025-03-09 01:12:00",10834,11.59,-13.26,-13.26,76.87,78.25,2.248,2.359,2.42,2.646,344.2,220.6,984.2098,-0.095,-0.076,255.4,249.7,-13.39,-9.63
"2025-03-09 01:13:00",10835,11.59,-13.24,-13.25,77.06,78.19,2.345,2.342,2.883,2.94,344.2,219.9,984.2141,0.023,-0.078,255.8,250.2,-13.38,-9.63
"2025-03-09 01:14:00",10836,11.59,-13.21,-13.23,77.09,78.29,1.643,1.506,1.905,1.862,344.2,212.1,984.2151,0.189,-0.077,255.7,250.5,-13.37,-9.63
"2025-03-09 01:15:00",10837,11.59,-13.19,-13.22,76.89,78.03,1.605,1.517,1.802,2.058,344.2,212.1,984.1965,0.154,-0.078,255.6,250.6,-13.38,-9.63
"2025-03-09 01:16:00",10838,11.59,-13.21,-13.25,76.61,77.67,1.622,1.628,2.059,2.352,344.3,239.3,984.2064,0.195,-0.084,255.5,250.6,-13.38,-9.63
"2025-03-09 01:17:00",10839,11.59,-13.23,-13.29,77.42,78.94,2.63,2.517,3.089,3.136,344.3,264.3,984.2366,0.011,-0.173,256.8,251.7,-13.36,-9.64
"2025-03-09 01:18:00",10840,11.59,-13.11,-13.22,77.5,78.99,0.949,0.826,1.853,1.568,344.1,242.1,984.1638,0.667,-0.202,257.2,251.8,-13.29,-9.63
"2025-03-09 01:19:00",10841,11.59,-13.04,-13.15,77.25,78.83,1.263,1.261,1.493,1.568,344.1,239.6,984.2226,0.843,-0.226,256.7,251.6,-13.27,-9.64
"2025-03-09 01:20:00",10842,11.59,-13,-13.1,77.09,78.55,1.624,1.648,2.059,2.156,344.1,225.5,984.1965,0.815,-0.228,256.5,251.5,-13.26,-9.64
"2025-03-09 01:21:00",10843,11.59,-13.03,-13.12,76.72,78.01,1.924,1.888,2.214,2.254,344.1,208.4,984.21,0.624,-0.219,256.4,251.2,-13.27,-9.64
"2025-03-09 01:22:00",10844,11.59,-13.11,-13.18,76.64,78.34,2.142,2.272,2.523,2.548,344.1,205.1,984.1797,0.38,-0.211,256.4,251.3,-13.28,-9.64
"2025-03-09 01:23:00",10845,11.58,-13.14,-13.22,76.91,78.49,2.065,1.965,2.368,2.254,344.1,212.2,984.1896,0.262,-0.176,256.4,251.2,-13.29,-9.64
"2025-03-09 01:24:00",10846,11.58,-13.17,-13.25,76.99,78.62,1.57,1.516,1.956,1.862,344.1,212.5,984.1848,0.185,-0.125,256.1,251,-13.3,-9.64
"2025-03-09 01:25:00",10847,11.58,-13.19,-13.26,77.31,79.21,1.775,1.846,2.111,2.156,344.2,217.2,984.23,0.081,-0.142,256.1,250.9,-13.3,-9.65
"2025-03-09 01:26:00",10848,11.59,-13.18,-13.22,77.56,79.18,1.97,2.014,2.111,2.156,344.2,219.1,984.2099,0.082,-0.091,256.1,250.7,-13.31,-9.65
"2025-03-09 01:27:00",10849,11.58,-13.17,-13.19,77.74,79.25,1.868,1.839,2.111,2.058,344.2,214.4,984.2099,0.086,-0.076,256,250.4,-13.31,-9.65
"2025-03-09 01:28:00",10850,11.59,-13.13,-13.16,77.8,79.02,1.822,1.78,2.162,2.058,344.2,211.5,984.1995,0.111,-0.149,256.2,250.4,-13.3,-9.65
"2025-03-09 01:29:00",10851,11.58,-13.11,-13.14,77.75,78.99,1.471,1.331,1.75,1.666,344.2,206.3,984.1808,0.277,-0.08,255.9,250,-13.3,-9.65
"2025-03-09 01:30:00",10852,11.59,-13.09,-13.13,77.71,78.99,1.562,1.447,1.853,1.862,344.1,187,984.1901,0.295,-0.106,255.9,250.1,-13.3,-9.65
