"TOA5","1481","CR3000","1481","CR3000.Std.32.06","CPU:AWS_MaggieMay_no_sonic_v3.CR3","13840","Res_data_1_min"
"TIMESTAMP","RECORD","BattV","temperature_1","temperature_2","rel_humidity_1","rel_humidity_2","wind_speed_1","wind_speed_2","gust_speed_1","gust_speed_2","wind_direction_1","wind_direction_2","air_pressure","SWup","SWdown","LWup","LWdown","CNR1_T_degC","ground_temperature"
"TS","RN","Volts","degC","degC","%","%","m/s","m/s","m/s","m/s","deg","deg","hPa","W/m^2","W/m^2","W/m^2","W/m^2","degC","degC"
"","","Min","Avg","Avg","Smp","Smp","Avg","Avg","Max","Max","Smp","Smp","Avg","Avg","Avg","Avg","Avg","Avg","Avg"
"2025-03-02 21:31:00",1973,12.15,-4.661,-4.741,89.2,88.1,5.66,6.973,7.825,8.23,230.9,59.03,983.3123,0.091,-0.21,293.5,286.9,-4.571,-4.639
"2025-03-02 21:32:00",1974,12.15,-4.64,-4.721,89.4,88.4,5.833,7.825,7.568,9.31,230.9,72.5,983.279,0.066,-0.236,294,286.4,-4.552,-4.642
"2025-03-02 21:33:00",1975,12.15,-4.598,-4.677,89.5,88.4,4.819,7.678,7.568,8.82,231,89.9,983.2854,0.2,-0.138,294,285.6,-4.523,-4.641
"2025-03-02 21:34:00",1976,12.15,-4.556,-4.628,89.5,88.2,4.264,7.374,5.097,8.43,231,80.5,983.274,0.325,-0.038,293.9,284,-4.491,-4.642
"2025-03-02 21:35:00",1977,12.15,-4.55,-4.625,89.5,88.1,4.725,6.622,6.898,8.13,231,78.41,983.2392,0.271,-0.129,293.6,283.2,-4.48,-4.646
"2025-03-02 21:36:00",1978,12.15,-4.561,-4.638,89.4,88.1,5.05,6.352,6.692,7.35,231.2,61.82,983.2582,0.214,-0.225,293.4,282.3,-4.491,-4.648
"2025-03-02 21:37:00",1979,12.15,-4.581,-4.66,89.4,88.1,5.5,6.896,7.31,8.13,231.2,69.57,983.2779,0.167,-0.3,293,278.6,-4.509,-4.649
"2025-03-02 21:38:00",1980,12.15,-4.59,-4.668,89.3,87.9,5.138,6.422,6.281,7.546,231.2,63.31,983.3068,0.147,-0.408,292.5,274.7,-4.523,-4.652
"2025-03-02 21:39:00",1981,12.15,-4.613,-4.689,89.1,87.6,5.638,6.259,7.207,7.644,231.2,67.56,983.2708,0.148,-0.509,292.2,275.3,-4.543,-4.654
"2025-03-02 21:40:00",1982,12.15,-4.665,-4.737,89,87.6,4.631,5.913,6.435,7.84,231.2,71.3,983.2614,0.004,-0.638,292.1,277.2,-4.579,-4.655
"2025-03-02 21:41:00",1983,12.15,-4.669,-4.742,88.9,87.4,5.568,6.85,7.156,8.13,231.6,75.91,983.2864,0.01,-0.638,292.5,278.1,-4.575,-4.658
"2025-03-02 21:42:00",1984,12.15,-4.649,-4.714,88.8,87.1,5.765,7.059,7.362,7.938,231.5,65.95,983.2626,0.14,-0.508,292.4,276.4,-4.572,-4.658
"2025-03-02 21:43:00",1985,12.15,-4.658,-4.717,88.7,87.1,5.399,6.347,6.641,7.742,231.2,60.57,983.2537,0.138,-0.512,292.3,278,-4.59,-4.662
"2025-03-02 21:44:00",1986,12.15,-4.652,-4.71,88.6,87.1,5.351,6.099,6.332,7.154,231.6,72.49,983.2286,0.135,-0.463,292.5,281,-4.587,-4.661
"2025-03-02 21:45:00",1987,12.15,-4.676,-4.74,88.6,87.2,4.493,5.612,7.053,7.644,231.6,64.09,983.2819,0.15,-0.391,292.4,282.8,-4.604,-4.665
"2025-03-02 21:46:00",1988,12.15,-4.683,-4.753,88.7,87.5,4.305,6.154,6.332,7.938,231.6,65.21,983.2652,-0.07,-0.523,292.9,284.6,-4.603,-4.666
"2025-03-02 21:47:00",1989,12.15,-4.613,-4.68,88.7,87.1,4.891,6.372,7.979,8.23,231.6,72.63,983.2123,0.158,-0.272,293.1,282.1,-4.577,-4.67
"2025-03-02 21:48:00",1990,12.15,-4.541,-4.607,88.5,86.7,5.43,7.067,7.053,8.13,231.5,62.99,983.2117,0.383,-0.143,292.9,277,-4.547,-4.674
"2025-03-02 21:49:00",1991,12.15,-4.546,-4.614,88.3,86.7,5.364,6.194,6.435,7.252,231.6,67.54,983.2084,0.321,-0.246,292.4,278,-4.55,-4.676
"2025-03-02 21:50:00",1992,12.15,-4.579,-4.649,88.3,87,5.74,6.54,7.876,8.13,231.6,66.11,983.2239,0.149,-0.426,292.7,278.4,-4.556,-4.675
"2025-03-02 21:51:00",1993,12.15,-4.62,-4.687,88.3,87.2,5.369,5.942,7.207,8.13,231.6,63.15,983.2095,0.174,-0.403,292.5,281.6,-4.576,-4.675
"2025-03-02 21:52:00",1994,12.14,-4.639,-4.71,88.5,87.6,5.283,5.831,7.516,7.84,231.2,58.28,983.2166,0.062,-0.432,292.9,281.4,-4.576,-4.677
"2025-03-02 21:53:00",1995,12.15,-4.643,-4.717,88.6,87.7,5.786,6.442,7.259,7.742,230.6,72.94,983.222,0.094,-0.369,292.9,283.2,-4.578,-4.677
"2025-03-02 21:54:00",1996,12.15,-4.618,-4.691,88.7,87.6,5.112,6.804,7.362,8.23,230.6,72.66,983.1703,0.107,-0.33,293.2,284.6,-4.566,-4.678
"2025-03-02 21:55:00",1997,12.15,-4.557,-4.63,88.7,87.3,6.36,8,9.47,10.19,230.9,81.5,983.1603,0.147,-0.278,293.8,285.6,-4.537,-4.681
"2025-03-02 21:56:00",1998,12.15,-4.482,-4.549,88.5,86.6,6.063,7.654,7.568,8.92,231.5,79.11,983.1927,0.408,0.009,294.1,286.6,-4.474,-4.684
"2025-03-02 21:57:00",1999,12.15,-4.466,-4.536,88.4,86.8,6.802,8.14,8.39,9.6,231.6,75.06,983.2224,0.326,-0.027,293.9,283.8,-4.452,-4.682
"2025-03-02 21:58:00",2000,12.14,-4.45,-4.514,88.3,86.6,5.73,7.041,7.001,9.11,231.2,62.33,983.2104,0.344,-0.025,293.9,285.9,-4.431,-4.684
"2025-03-02 21:59:00",2001,12.15,-4.485,-4.553,88.3,86.9,4.978,5.486,6.538,6.86,231.2,64.98,983.2039,0.202,-0.137,293.6,285.4,-4.445,-4.684
"2025-03-02 22:00:00",2002,12.14,-4.53,-4.607,88.3,87.3,4.691,5.759,5.714,6.664,231.2,72.15,983.2209,0.107,-0.234,293.5,286.2,-4.457,-4.688
