"TOA5","1481","CR3000","1481","CR3000.Std.32.06","CPU:AWS_MaggieMay_no_sonic_v3.CR3","13840","Res_data_1_min"
"TIMESTAMP","RECORD","BattV","temperature_1","temperature_2","rel_humidity_1","rel_humidity_2","wind_speed_1","wind_speed_2","gust_speed_1","gust_speed_2","wind_direction_1","wind_direction_2","air_pressure","SWup","SWdown","LWup","LWdown","CNR1_T_degC","ground_temperature"
"TS","RN","Volts","degC","degC","%","%","m/s","m/s","m/s","m/s","deg","deg","hPa","W/m^2","W/m^2","W/m^2","W/m^2","degC","degC"
"","","Min","Avg","Avg","Smp","Smp","Avg","Avg","Max","Max","Smp","Smp","Avg","Avg","Avg","Avg","Avg","Avg","Avg"
"2025-03-03 12:01:00",2843,12.05,-6.633,-6.743,90.4,90.4,5.73,6.36,6.898,7.742,241,72.88,983.28,52.73,58.31,286.6,277.7,-6.102,-5.066
"2025-03-03 12:02:00",2844,12.05,-6.644,-6.758,90.4,90.4,6.623,7.223,8.03,8.23,241,60.35,983.3082,51.52,56.73,286.7,279.2,-6.113,-5.067
"2025-03-03 12:03:00",2845,12.05,-6.659,-6.769,90.4,90.4,6.348,6.894,8.24,9.02,241,68.25,983.2618,50.96,56.17,286.7,279.3,-6.127,-5.071
"2025-03-03 12:04:00",2846,12.05,-6.649,-6.76,90.4,90.4,6.751,7.45,8.29,9.02,241,61.14,983.293,50.9,56.2,286.9,279.1,-6.12,-5.077
"2025-03-03 12:05:00",2847,12.05,-6.629,-6.736,90.4,90.3,6.795,7.595,8.19,8.82,241,63.56,983.3144,50.42,55.78,286.8,277.5,-6.11,-5.077
"2025-03-03 12:06:00",2848,12.05,-6.629,-6.733,90.3,90.2,6.633,7.224,8.08,8.33,241,65.91,983.3162,49.32,54.25,286.7,279.3,-6.12,-5.082
"2025-03-03 12:07:00",2849,12.05,-6.636,-6.744,90.3,90.2,6.902,7.631,8.39,9.31,241,61.82,983.3301,48.33,53.24,286.8,278.8,-6.127,-5.085
"2025-03-03 12:08:00",2850,12.05,-6.645,-6.755,90.3,90.2,6.706,7.041,8.6,8.72,241,60.39,983.2595,47,51.66,286.7,278.5,-6.141,-5.089
"2025-03-03 12:09:00",2851,12.05,-6.657,-6.766,90.3,90.3,7.381,8.04,8.91,9.51,240.8,71.58,983.3029,46.4,51.03,286.7,278,-6.155,-5.096
"2025-03-03 12:10:00",2852,12.05,-6.66,-6.771,90.3,90.3,6.161,7.147,7.773,8.53,240.8,63.84,983.3195,44.18,48.59,286.4,274.7,-6.17,-5.1
"2025-03-03 12:11:00",2853,12.05,-6.657,-6.764,90.3,90.2,6.486,7.406,7.825,8.92,240.8,55.73,983.3395,42.57,46.7,286.2,274.2,-6.178,-5.104
"2025-03-03 12:12:00",2854,12.05,-6.669,-6.773,90.3,90.1,5.259,6.071,6.589,7.252,240.8,85.9,983.3632,41.65,45.63,286,275.1,-6.193,-5.107
"2025-03-03 12:13:00",2855,12.05,-6.688,-6.794,90.3,90.2,5.296,5.766,6.229,6.86,240.8,56.23,983.3568,39.9,43.64,285.9,273.6,-6.207,-5.11
"2025-03-03 12:14:00",2856,12.05,-6.715,-6.818,90.3,90.3,4.452,4.977,5.92,6.664,241,53.33,983.3548,38.95,42.5,285.6,274.6,-6.234,-5.116
"2025-03-03 12:15:00",2857,12.05,-6.739,-6.845,90.3,90.4,6.174,6.808,7.31,7.742,240.8,57.87,983.3183,37.37,40.55,285.8,276.6,-6.259,-5.115
"2025-03-03 12:16:00",2858,12.05,-6.745,-6.851,90.4,90.4,6.015,6.617,7.516,7.448,240.8,69.25,983.3362,36.16,39.16,285.9,277,-6.269,-5.125
"2025-03-03 12:17:00",2859,12.05,-6.756,-6.865,90.4,90.5,6.438,7.128,7.773,8.53,240.8,64.5,983.3542,34.81,37.67,285.8,275.9,-6.291,-5.126
"2025-03-03 12:18:00",2860,12.05,-6.762,-6.872,90.4,90.5,5.992,6.765,7.207,8.43,240.8,65.47,983.337,34.46,37.18,286,278.6,-6.313,-5.13
"2025-03-03 12:19:00",2861,12.05,-6.773,-6.888,90.5,90.5,6.475,7.11,7.259,7.938,240.8,62.01,983.3221,33.16,35.72,286,279,-6.325,-5.134
"2025-03-03 12:20:00",2862,12.05,-6.786,-6.901,90.5,90.6,6.378,6.739,8.03,7.742,240.7,64.01,983.364,31.67,33.98,286,279.8,-6.346,-5.141
"2025-03-03 12:21:00",2863,12.05,-6.796,-6.913,90.5,90.6,6.383,6.875,7.671,7.84,240.8,53.56,983.3466,30.54,32.6,286.1,280.2,-6.358,-5.145
"2025-03-03 12:22:00",2864,12.05,-6.799,-6.92,90.6,90.7,5.773,6.576,6.95,8.13,240.8,72.45,983.3611,29.95,31.88,286.1,280.8,-6.365,-5.152
"2025-03-03 12:23:00",2865,12.05,-6.8,-6.92,90.6,90.7,5.882,6.909,7.001,8.43,241,79.27,983.3181,29.89,31.81,286.1,280.5,-6.374,-5.154
"2025-03-03 12:24:00",2866,12.05,-6.8,-6.921,90.6,90.6,5.588,6.107,6.898,7.742,240.8,58.39,983.3279,29.54,31.44,286.1,280.2,-6.376,-5.157
"2025-03-03 12:25:00",2867,12.05,-6.81,-6.929,90.6,90.6,5.225,5.744,7.465,7.938,240.8,69.06,983.4232,29.36,31.24,286,279.9,-6.388,-5.161
"2025-03-03 12:26:00",2868,12.05,-6.82,-6.937,90.6,90.6,5.568,6.078,6.898,7.252,240.8,62.2,983.3411,29.07,31.02,285.7,276.8,-6.399,-5.165
"2025-03-03 12:27:00",2869,12.05,-6.83,-6.945,90.5,90.5,5.444,5.999,6.744,7.154,240.8,60.05,983.3886,29.21,31.15,285.6,277.2,-6.407,-5.17
"2025-03-03 12:28:00",2870,12.05,-6.848,-6.96,90.5,90.5,5.165,5.754,6.384,6.664,240.8,64.75,983.3783,28.78,30.73,285.4,275.6,-6.425,-5.177
"2025-03-03 12:29:00",2871,12.05,-6.869,-6.979,90.5,90.5,5.133,5.483,6.332,6.468,240.8,61.11,983.3915,28.48,30.36,285.2,276.3,-6.453,-5.181
"2025-03-03 12:30:00",2872,12.05,-6.888,-6.998,90.5,90.5,5.014,5.48,5.869,6.272,240.9,70.94,983.3868,28.33,30.18,285.1,276.6,-6.47,-5.185
