"TOA5","1481","CR3000","1481","CR3000.Std.32.06","CPU:AWS_MaggieMay_no_sonic_v3.CR3","13840","Res_data_1_min"
"TIMESTAMP","RECORD","BattV","temperature_1","temperature_2","rel_humidity_1","rel_humidity_2","wind_speed_1","wind_speed_2","gust_speed_1","gust_speed_2","wind_direction_1","wind_direction_2","air_pressure","SWup","SWdown","LWup","LWdown","CNR1_T_degC","ground_temperature"
"TS","RN","Volts","degC","degC","%","%","m/s","m/s","m/s","m/s","deg","deg","hPa","W/m^2","W/m^2","W/m^2","W/m^2","degC","degC"
"","","Min","Avg","Avg","Smp","Smp","Avg","Avg","Max","Max","Smp","Smp","Avg","Avg","Avg","Avg","Avg","Avg","Avg"
"2025-03-03 05:31:00",2453,12.1,-4.993,-5.09,89,88.5,6.341,6.772,8.44,8.33,235,61.94,982.3821,0.008,-0.171,292.7,287.5,-4.85,-4.899
"2025-03-03 05:32:00",2454,12.09,-5.002,-5.095,89,88.5,5.877,6.228,6.95,7.056,235,61.53,982.4146,0.092,-0.095,292.5,287.4,-4.853,-4.898
"2025-03-03 05:33:00",2455,12.1,-5.009,-5.1,89,88.6,6.452,7.214,8.08,8.33,235,63.84,982.4086,0.029,-0.174,292.6,287.5,-4.859,-4.898
"2025-03-03 05:34:00",2456,12.09,-5.011,-5.102,89,88.6,5.576,6.37,6.435,7.546,235,62.08,982.4077,0.067,-0.114,292.6,287.5,-4.857,-4.899
"2025-03-03 05:35:00",2457,12.1,-5.02,-5.113,89.1,88.6,5.639,6.357,6.384,6.958,235,70.33,982.4207,0.047,-0.142,292.4,287.3,-4.869,-4.897
"2025-03-03 05:36:00",2458,12.1,-5.028,-5.117,89.1,88.7,5.596,6.215,6.744,7.154,235,62.19,982.4059,0.024,-0.186,292.5,287.6,-4.874,-4.896
"2025-03-03 05:37:00",2459,12.1,-5.025,-5.115,89.1,88.7,5.573,6.071,6.486,6.664,235,60.73,982.4445,0.075,-0.138,292.5,287.8,-4.87,-4.897
"2025-03-03 05:38:00",2460,12.09,-5.002,-5.096,89.1,88.6,6.347,7,7.773,8.13,235,67.8,982.4076,0.088,-0.115,292.7,288.2,-4.862,-4.897
"2025-03-03 05:39:00",2461,12.09,-4.963,-5.065,89,88.3,5.889,6.555,7.568,8.13,235,68.54,982.4085,0.229,0.029,292.7,288.2,-4.848,-4.895
"2025-03-03 05:40:00",2462,12.09,-4.977,-5.082,88.9,88.4,5.828,6.515,7.876,8.13,235,64.19,982.3895,0.086,-0.104,292.6,288.2,-4.854,-4.897
"2025-03-03 05:41:00",2463,12.1,-4.961,-5.067,88.9,88.3,6.541,7.497,7.671,8.33,235,69,982.41,0.155,-0.033,292.8,287.9,-4.838,-4.894
"2025-03-03 05:42:00",2464,12.09,-4.942,-5.044,88.8,88.1,6.768,7.234,8.49,9.02,235,54.88,982.4011,0.195,-0.005,292.9,288.1,-4.823,-4.895
"2025-03-03 05:43:00",2465,12.1,-4.92,-5.019,88.7,87.9,6.964,7.471,8.39,8.43,235,69.98,982.401,0.215,0.019,292.8,288.2,-4.816,-4.894
"2025-03-03 05:44:00",2466,12.09,-4.923,-5.023,88.6,88,5.709,6.533,6.847,7.644,235,68.42,982.4298,0.205,0.014,292.7,287.9,-4.815,-4.893
"2025-03-03 05:45:00",2467,12.09,-4.953,-5.054,88.6,88.2,6.099,6.641,8.03,8.13,235,64.2,982.4392,0.092,-0.081,292.6,287.7,-4.828,-4.893
"2025-03-03 05:46:00",2468,12.09,-4.971,-5.075,88.7,88.4,6.153,7.025,7.104,7.742,235,62.51,982.4164,0.057,-0.121,292.6,287.7,-4.836,-4.893
"2025-03-03 05:47:00",2469,12.09,-4.986,-5.089,88.8,88.5,6.25,6.974,8.75,9.21,235,60.02,982.4347,0.052,-0.138,292.6,287.8,-4.848,-4.895
"2025-03-03 05:48:00",2470,12.09,-4.992,-5.096,88.8,88.6,5.946,6.778,8.03,8.92,235,70.2,982.4164,0.114,-0.086,292.6,287.8,-4.854,-4.894
"2025-03-03 05:49:00",2471,12.1,-5.009,-5.115,88.9,88.8,5.659,6.53,7.156,8.13,235,70.82,982.4308,0.054,-0.138,292.5,287.6,-4.867,-4.893
"2025-03-03 05:50:00",2472,12.09,-5.003,-5.107,89,88.8,5.791,6.486,7.053,7.252,235,68.65,982.4431,0.105,-0.094,292.6,287.8,-4.863,-4.894
"2025-03-03 05:51:00",2473,12.09,-5.008,-5.115,89.1,88.8,5.453,6.288,6.589,6.958,235,59.42,982.4197,0.111,-0.099,292.4,287.4,-4.876,-4.894
"2025-03-03 05:52:00",2474,12.09,-5.015,-5.125,89.1,88.8,5.18,5.94,7.156,7.448,235.1,80.2,982.4347,0.115,-0.091,292.4,287.7,-4.883,-4.894
"2025-03-03 05:53:00",2475,12.09,-5.042,-5.15,89.2,89,3.838,6.083,4.736,7.056,235,76.62,982.4252,0.064,-0.111,292.3,287.6,-4.901,-4.895
"2025-03-03 05:54:00",2476,12.09,-5.061,-5.172,89.3,89.3,5.707,6.806,7.053,7.938,235,68.68,982.4514,0.014,-0.181,292.5,288,-4.912,-4.894
"2025-03-03 05:55:00",2477,12.09,-5.069,-5.179,89.4,89.4,4.501,6.412,6.692,7.644,235,72.45,982.4186,0.111,-0.077,292.4,287.9,-4.915,-4.895
"2025-03-03 05:56:00",2478,12.09,-5.079,-5.186,89.5,89.5,4.384,5.939,6.384,6.958,235,78.9,982.4269,0.105,-0.068,292.4,288,-4.927,-4.894
"2025-03-03 05:57:00",2479,12.09,-5.071,-5.179,89.6,89.5,5.784,6.618,7.362,7.742,235,68.15,982.4085,0.075,-0.129,292.6,288.4,-4.919,-4.895
"2025-03-03 05:58:00",2480,12.09,-5.024,-5.129,89.5,89.2,5.762,6.566,7.259,7.644,235,59.52,982.4161,0.281,0.12,292.7,288.1,-4.884,-4.897
"2025-03-03 05:59:00",2481,12.09,-5.016,-5.121,89.3,88.9,4.982,5.682,5.817,6.37,235,69.16,982.4485,0.334,0.147,292.4,287.5,-4.888,-4.896
"2025-03-03 06:00:00",2482,12.09,-5.035,-5.138,89.3,88.9,6.771,7.433,8.13,8.33,235,65.1,982.4291,0.173,-0.005,292.5,288,-4.895,-4.896
