"TOA5","1481","CR3000","1481","CR3000.Std.32.06","CPU:AWS_MaggieMay_no_sonic_v3.CR3","13840","Res_data_1_min"
"TIMESTAMP","RECORD","BattV","temperature_1","temperature_2","rel_humidity_1","rel_humidity_2","wind_speed_1","wind_speed_2","gust_speed_1","gust_speed_2","wind_direction_1","wind_direction_2","air_pressure","SWup","SWdown","LWup","LWdown","CNR1_T_degC","ground_temperature"
"TS","RN","Volts","degC","degC","%","%","m/s","m/s","m/s","m/s","deg","deg","hPa","W/m^2","W/m^2","W/m^2","W/m^2","degC","degC"
"","","Min","Avg","Avg","Smp","Smp","Avg","Avg","Max","Max","Smp","Smp","Avg","Avg","Avg","Avg","Avg","Avg","Avg"
"2025-03-04 03:01:00",3743,11.89,-11.77,-11.78,83.3,80.2,5.745,6.715,6.898,7.742,78.3,65.53,984.6827,0.59,-0.874,259.9,231.5,-11.99,-9.48
"2025-03-04 03:02:00",3744,11.89,-11.72,-11.71,82.8,79.66,5.81,6.733,6.95,7.84,78.32,61.4,984.6805,0.704,-0.755,260.3,235.5,-11.94,-9.49
"2025-03-04 03:03:00",3745,11.89,-11.68,-11.67,82.4,79.27,5.572,6.336,6.95,7.154,73.13,63.3,984.7021,0.729,-0.673,260.3,235.7,-11.89,-9.49
"2025-03-04 03:04:00",3746,11.89,-11.68,-11.67,82.3,79.93,5.818,6.44,6.898,7.448,72.76,72.39,984.6992,0.659,-0.647,260.1,233.4,-11.88,-9.49
"2025-03-04 03:05:00",3747,11.89,-11.75,-11.75,82.3,80.5,5.036,5.754,6.229,6.958,75.57,64.73,984.6918,0.523,-0.747,259.1,228.5,-11.9,-9.49
"2025-03-04 03:06:00",3748,11.89,-11.8,-11.82,82.7,81.2,5.864,6.852,6.95,8.13,78.3,71.51,984.7059,0.172,-1.135,259.5,230,-11.92,-9.5
"2025-03-04 03:07:00",3749,11.89,-11.74,-11.77,82.8,80.9,5.385,6.097,6.486,7.154,79.04,67.12,984.7073,0.409,-0.927,260.1,234.8,-11.89,-9.5
"2025-03-04 03:08:00",3750,11.89,-11.74,-11.76,82.8,81.1,6.374,6.888,8.08,8.33,79.05,52.88,984.6837,0.463,-0.754,260.3,235.4,-11.88,-9.5
"2025-03-04 03:09:00",3751,11.89,-11.73,-11.76,82.8,80.7,7.423,7.562,8.91,8.82,78.87,57.3,984.698,0.483,-0.649,260.2,230.3,-11.86,-9.51
"2025-03-04 03:10:00",3752,11.89,-11.73,-11.74,82.8,80.8,7.036,7.399,7.928,8.62,79.04,57.98,984.6764,0.356,-0.779,260.5,234,-11.86,-9.52
"2025-03-04 03:11:00",3753,11.89,-11.74,-11.75,82.8,81.2,6.785,7.121,8.08,8.53,79.45,48.52,984.6732,0.42,-0.621,260.3,234.9,-11.86,-9.53
"2025-03-04 03:12:00",3754,11.89,-11.75,-11.77,83.1,81.8,6.345,7.175,10.09,9.8,85.8,79.15,984.6679,0.29,-0.709,260.3,231.6,-11.86,-9.54
"2025-03-04 03:13:00",3755,11.89,-11.73,-11.76,83.3,81.6,6.015,7.664,7.722,9.21,84.2,74.27,984.7,0.163,-0.927,260.3,228.8,-11.87,-9.54
"2025-03-04 03:14:00",3756,11.89,-11.67,-11.7,83.2,80.9,6.698,7.927,8.29,8.82,84.6,66.36,984.6658,0.404,-0.786,260.7,230.2,-11.83,-9.55
"2025-03-04 03:15:00",3757,11.89,-11.69,-11.71,82.7,80.6,6.39,6.671,7.619,8.82,84.2,55.61,984.681,0.61,-0.582,260.4,232.3,-11.81,-9.55
"2025-03-04 03:16:00",3758,11.89,-11.77,-11.79,82.8,81.3,6.879,7.489,8.13,8.72,83.1,66.11,984.6823,0.242,-0.839,260.8,236.1,-11.83,-9.55
"2025-03-04 03:17:00",3759,11.89,-11.72,-11.74,83,81.2,7.048,7.786,8.13,8.62,81.2,62.88,984.6982,0.356,-0.62,261.2,236.2,-11.8,-9.55
"2025-03-04 03:18:00",3760,11.89,-11.7,-11.73,83,81.1,6.356,7.556,8.44,9.21,90.4,66.21,984.7015,0.345,-0.6,261.4,238.8,-11.79,-9.55
"2025-03-04 03:19:00",3761,11.89,-11.68,-11.71,82.9,80.9,5.447,6.718,8.55,9.02,91,70.67,984.6717,0.377,-0.534,261.6,240.2,-11.77,-9.55
"2025-03-04 03:20:00",3762,11.89,-11.71,-11.75,83,81.5,5.95,6.328,6.795,7.154,88.3,62.91,984.6946,0.352,-0.535,261.2,238.8,-11.77,-9.56
"2025-03-04 03:21:00",3763,11.89,-11.71,-11.75,82.9,80.9,6.21,6.52,7.516,7.546,87.5,52.36,984.7084,0.262,-0.639,261.2,237.4,-11.76,-9.56
"2025-03-04 03:22:00",3764,11.89,-11.71,-11.75,82.8,81.2,6.217,6.475,7.207,7.644,83.7,62.95,984.7146,0.328,-0.595,260.7,234.1,-11.77,-9.56
"2025-03-04 03:23:00",3765,11.89,-11.73,-11.77,82.9,81.7,6.316,7.125,10.09,9.9,81.4,66.15,984.7171,0.239,-0.758,260.2,230.6,-11.79,-9.56
"2025-03-04 03:24:00",3766,11.89,-11.68,-11.72,83,81,8.16,8.65,9.27,10.49,84.1,62.08,984.6877,0.166,-0.907,261.7,235.1,-11.76,-9.56
"2025-03-04 03:25:00",3767,11.89,-11.61,-11.64,82.9,80.2,8.02,8.35,10.4,10.29,81.1,44.85,984.6731,0.428,-0.512,262.3,240.3,-11.71,-9.57
"2025-03-04 03:26:00",3768,11.89,-11.52,-11.55,82.5,79.33,7.753,7.899,9.52,9.8,78.12,38.69,984.6524,0.458,-0.406,263,244.7,-11.65,-9.58
"2025-03-04 03:27:00",3769,11.89,-11.48,-11.5,82.1,79.41,7.616,7.843,9.21,9.51,74.86,53.04,984.7009,0.672,-0.084,262.9,242.8,-11.59,-9.59
"2025-03-04 03:28:00",3770,11.89,-11.52,-11.53,82.4,80.9,7.216,7.461,8.44,8.92,75,51.84,984.6684,0.544,-0.156,262.6,242.6,-11.59,-9.6
"2025-03-04 03:29:00",3771,11.89,-11.57,-11.59,82.7,81,7.103,7.267,8.24,8.33,80.6,59.66,984.6959,0.267,-0.438,262.6,243.3,-11.61,-9.61
"2025-03-04 03:30:00",3772,11.89,-11.56,-11.58,82.8,80.6,8.27,8.48,9.16,9.31,79.44,54.68,984.6833,0.2,-0.454,263.2,245,-11.58,-9.61
