"TOA5","1481","CR3000","1481","CR3000.Std.32.06","CPU:AWS_MaggieMay_no_sonic_v3.CR3","13840","Res_data_1_min"
"TIMESTAMP","RECORD","BattV","temperature_1","temperature_2","rel_humidity_1","rel_humidity_2","wind_speed_1","wind_speed_2","gust_speed_1","gust_speed_2","wind_direction_1","wind_direction_2","air_pressure","SWup","SWdown","LWup","LWdown","CNR1_T_degC","ground_temperature"
"TS","RN","Volts","degC","degC","%","%","m/s","m/s","m/s","m/s","deg","deg","hPa","W/m^2","W/m^2","W/m^2","W/m^2","degC","degC"
"","","Min","Avg","Avg","Smp","Smp","Avg","Avg","Max","Max","Smp","Smp","Avg","Avg","Avg","Avg","Avg","Avg","Avg"
"2025-03-03 13:31:00",2933,12.04,-7.178,-7.269,89.7,88.9,5.306,6.604,7.001,7.644,243.3,71.65,983.5032,19.89,20.85,283.4,273,-6.884,-5.441
"2025-03-03 13:32:00",2934,12.04,-7.189,-7.28,89.7,89,5.384,5.983,6.641,6.86,243.3,64.73,983.5992,20.18,21.2,283.4,273.2,-6.894,-5.442
"2025-03-03 13:33:00",2935,12.04,-7.214,-7.308,89.7,89.1,4.955,5.818,6.178,6.86,243.3,76.53,983.5689,20.65,21.79,283.1,272.1,-6.909,-5.443
"2025-03-03 13:34:00",2936,12.04,-7.234,-7.331,89.7,89.3,5.163,6.128,6.692,7.448,243.3,67.32,983.5029,20.43,21.59,282.7,266.1,-6.929,-5.448
"2025-03-03 13:35:00",2937,12.04,-7.242,-7.333,89.7,89.3,4.951,6.032,6.384,6.762,243.3,72.07,983.5338,20.3,21.42,282.1,261.9,-6.947,-5.453
"2025-03-03 13:36:00",2938,12.04,-7.27,-7.367,89.7,89.3,4.064,5.388,5.302,6.468,243.3,69.46,983.5661,20.13,21.12,281.6,261.4,-6.981,-5.458
"2025-03-03 13:37:00",2939,12.04,-7.291,-7.384,89.8,89.6,6.141,7.152,7.619,8.13,243.3,70.1,983.4951,20.52,21.49,282.4,269.7,-6.999,-5.461
"2025-03-03 13:38:00",2940,12.04,-7.275,-7.37,89.8,89.6,5.815,6.628,8.08,8.33,243.3,70.27,983.5385,20.95,22.14,282.7,271.8,-7.003,-5.468
"2025-03-03 13:39:00",2941,12.04,-7.268,-7.359,89.9,89.7,6.295,7.036,8.29,8.23,243.3,62.47,983.5302,21.17,22.51,283.1,271.6,-6.999,-5.47
"2025-03-03 13:40:00",2942,12.04,-7.245,-7.33,89.9,89.6,6.171,7.071,7.876,8.23,242.2,68.09,983.5109,21.38,22.83,283.1,271.2,-6.984,-5.473
"2025-03-03 13:41:00",2943,12.04,-7.231,-7.316,89.9,89.6,6.557,7.095,8.34,8.92,243,63.3,983.5037,21.24,22.66,283.2,272.8,-6.973,-5.478
"2025-03-03 13:42:00",2944,12.04,-7.24,-7.322,89.9,89.6,5.556,6.092,6.589,6.86,243,64.37,983.5798,20.31,21.59,283.2,274.1,-6.974,-5.48
"2025-03-03 13:43:00",2945,12.04,-7.259,-7.351,89.9,89.6,5.798,6.221,7.259,7.546,242.9,64.33,983.5338,19.51,20.73,282.9,272.5,-6.994,-5.485
"2025-03-03 13:44:00",2946,12.04,-7.274,-7.368,89.9,89.8,6.297,7,7.362,7.742,242.8,61.08,983.5822,19.2,20.38,283.1,273.2,-7.002,-5.491
"2025-03-03 13:45:00",2947,12.04,-7.278,-7.374,90,89.9,6.31,6.806,7.928,8.33,243,62.04,983.5186,18.76,19.92,283.2,274.2,-7.005,-5.498
"2025-03-03 13:46:00",2948,12.04,-7.262,-7.356,90.1,89.8,6.646,7.905,8.39,9.11,242.7,67.44,983.5089,18.78,19.92,283.6,275.4,-6.986,-5.501
"2025-03-03 13:47:00",2949,12.04,-7.233,-7.322,90.1,89.6,6.45,7.574,7.825,8.82,242.7,64.91,983.5414,18.9,20.06,283.7,275.1,-6.963,-5.504
"2025-03-03 13:48:00",2950,12.04,-7.231,-7.322,90,89.5,6.45,6.769,8.29,8.13,242.7,50.91,983.5717,18.97,20.18,283.4,274,-6.962,-5.509
"2025-03-03 13:49:00",2951,12.04,-7.242,-7.338,90,89.6,7.087,7.561,8.85,9.11,242.7,65.55,983.5692,18.66,19.84,283.5,275.1,-6.966,-5.513
"2025-03-03 13:50:00",2952,12.04,-7.238,-7.335,90,89.7,6.269,6.968,7.156,8.23,242.4,59.22,983.5276,18.5,19.66,283.5,275.4,-6.97,-5.52
"2025-03-03 13:51:00",2953,12.04,-7.239,-7.339,90,89.7,6.287,6.607,7.362,7.448,242.4,67.67,983.5905,17.82,18.88,283.3,273.4,-6.969,-5.522
"2025-03-03 13:52:00",2954,12.04,-7.248,-7.345,90,89.7,6.34,7.306,7.876,8.43,242.5,64.24,983.6129,17.43,18.42,283.5,275,-6.968,-5.528
"2025-03-03 13:53:00",2955,12.04,-7.255,-7.35,90,89.6,5.79,6.308,6.589,7.644,242.3,50.9,983.6005,17.86,18.91,283.3,275.2,-6.975,-5.534
"2025-03-03 13:54:00",2956,12.04,-7.302,-7.395,89.9,89.6,5.552,5.72,6.384,6.86,242.4,57.47,983.5898,17.96,19.06,282.9,273.9,-7.007,-5.543
"2025-03-03 13:55:00",2957,12.04,-7.35,-7.447,89.9,89.7,6.221,6.319,7.053,7.154,242.1,54.27,983.6104,17.36,18.37,282.9,275.1,-7.031,-5.546
"2025-03-03 13:56:00",2958,12.04,-7.386,-7.485,89.9,89.9,6.343,6.512,7.671,7.742,242.3,53.96,983.6327,17.15,18.11,283,275.9,-7.052,-5.554
"2025-03-03 13:57:00",2959,12.04,-7.383,-7.486,90,90,7.878,7.992,9.37,9.41,242.4,55.6,983.5765,16.84,17.78,283.3,275.8,-7.055,-5.557
"2025-03-03 13:58:00",2960,12.04,-7.373,-7.473,90.1,90,6.674,6.974,8.03,8.33,242.3,56.09,983.6227,16.49,17.42,283.3,275.8,-7.054,-5.562
"2025-03-03 13:59:00",2961,12.03,-7.363,-7.459,90.1,89.9,6.314,6.649,7.465,7.938,242.4,59.7,983.6101,16.17,17.04,283.3,276.8,-7.052,-5.568
"2025-03-03 14:00:00",2962,12.04,-7.351,-7.446,90,89.8,6.619,6.974,8.19,8.33,242.4,57.28,983.6544,15.94,16.74,283.4,278,-7.054,-5.574
