"TOA5","1481","CR3000","1481","CR3000.Std.32.06","CPU:AWS_MaggieMay_no_sonic_v3.CR3","13840","Res_data_1_min"
"TIMESTAMP","RECORD","BattV","temperature_1","temperature_2","rel_humidity_1","rel_humidity_2","wind_speed_1","wind_speed_2","gust_speed_1","gust_speed_2","wind_direction_1","wind_direction_2","air_pressure","SWup","SWdown","LWup","LWdown","CNR1_T_degC","ground_temperature"
"TS","RN","Volts","degC","degC","%","%","m/s","m/s","m/s","m/s","deg","deg","hPa","W/m^2","W/m^2","W/m^2","W/m^2","degC","degC"
"","","Min","Avg","Avg","Smp","Smp","Avg","Avg","Max","Max","Smp","Smp","Avg","Avg","Avg","Avg","Avg","Avg","Avg"
"2025-03-03 06:31:00",2513,12.09,-5.116,-5.213,90.4,89.9,4.813,5.511,6.126,6.86,235.1,74.69,982.4531,0.953,0.755,292.2,287.5,-4.973,-4.901
"2025-03-03 06:32:00",2514,12.09,-5.08,-5.173,90.3,89.5,4.909,5.62,5.92,6.468,235.1,67.86,982.4586,1.077,0.862,292.3,287.5,-4.958,-4.9
"2025-03-03 06:33:00",2515,12.09,-5.059,-5.152,90.1,89.2,5.437,6.034,6.332,6.86,235,64.59,982.47,1.117,0.932,292.3,287.6,-4.949,-4.899
"2025-03-03 06:34:00",2516,12.09,-5.046,-5.141,89.9,88.9,4.126,5.428,5.457,6.468,235.1,72.49,982.4766,1.139,0.953,292.2,287.6,-4.943,-4.9
"2025-03-03 06:35:00",2517,12.09,-5.024,-5.117,89.7,88.5,5.386,6.568,7.053,7.742,235,60.62,982.4792,1.166,0.99,292.5,288.2,-4.923,-4.902
"2025-03-03 06:36:00",2518,12.09,-4.981,-5.067,89.4,88,6,6.633,6.744,7.448,235,64.82,982.4777,1.329,1.162,292.6,288.2,-4.888,-4.903
"2025-03-03 06:37:00",2519,12.09,-4.96,-5.04,89,87.6,5.685,6.465,6.538,7.252,235,71.59,982.4485,1.387,1.25,292.6,288,-4.867,-4.903
"2025-03-03 06:38:00",2520,12.09,-4.946,-5.028,88.7,87.4,5.077,5.789,5.972,6.37,235.1,72.07,982.4394,1.388,1.232,292.5,287.7,-4.852,-4.903
"2025-03-03 06:39:00",2521,12.09,-4.943,-5.026,88.5,87.3,5.217,5.759,6.692,6.566,235,55.12,982.4431,1.421,1.269,292.4,287.5,-4.852,-4.902
"2025-03-03 06:40:00",2522,12.09,-4.932,-5.019,88.3,87.2,6.365,6.594,7.516,7.35,235,58.53,982.4124,1.451,1.293,292.6,287.7,-4.829,-4.901
"2025-03-03 06:41:00",2523,12.09,-4.923,-5.008,88.1,87,5.313,5.627,6.126,6.174,235.1,60.82,982.4373,1.519,1.397,292.4,287.5,-4.822,-4.901
"2025-03-03 06:42:00",2524,12.09,-4.934,-5.014,87.9,87,6.287,6.532,7.928,7.938,235,58.54,982.3855,1.47,1.326,292.5,287.6,-4.825,-4.9
"2025-03-03 06:43:00",2525,12.09,-4.927,-5.012,87.8,86.9,6.141,6.826,8.03,8.13,235,63.56,982.4238,1.549,1.44,292.5,287.7,-4.814,-4.902
"2025-03-03 06:44:00",2526,12.09,-4.932,-5.019,87.7,87,5.744,6.127,7.825,8.04,235,58.76,982.4276,1.554,1.45,292.5,287.8,-4.816,-4.902
"2025-03-03 06:45:00",2527,12.09,-4.956,-5.045,87.7,87.2,5.796,6.252,6.898,7.35,235,62.79,982.4294,1.583,1.471,292.4,287.6,-4.819,-4.901
"2025-03-03 06:46:00",2528,12.09,-4.966,-5.052,87.8,87.2,5.369,6.161,6.538,6.958,235.1,63.2,982.4352,1.574,1.47,292.4,287.7,-4.834,-4.901
"2025-03-03 06:47:00",2529,12.09,-4.955,-5.038,87.8,87.1,4.899,5.526,6.281,6.37,235,62.7,982.4128,1.65,1.533,292.4,288,-4.822,-4.902
"2025-03-03 06:48:00",2530,12.09,-4.921,-5.007,87.8,87.1,6.4,7.061,9.73,9.8,235,52.9,982.4153,1.695,1.562,292.8,288.5,-4.809,-4.902
"2025-03-03 06:49:00",2531,12.09,-4.839,-4.924,87.5,86.3,6.795,6.976,8.34,8.92,235.2,42.27,982.4124,1.969,1.865,293.1,288.7,-4.758,-4.903
"2025-03-03 06:50:00",2532,12.09,-4.796,-4.874,87.1,85.9,6.718,6.958,7.979,8.62,235.2,57.48,982.4512,2.1,2.014,292.9,288.5,-4.733,-4.903
"2025-03-03 06:51:00",2533,12.09,-4.827,-4.905,87,86.1,6.426,7.118,8.29,8.43,235.2,75.03,982.4316,2.03,1.964,292.8,288.6,-4.735,-4.903
"2025-03-03 06:52:00",2534,12.09,-4.864,-4.944,87,86.5,4.819,6.047,6.075,7.056,235.1,51.76,982.4333,1.94,1.885,292.6,288.6,-4.752,-4.903
"2025-03-03 06:53:00",2535,12.09,-4.888,-4.974,87.2,86.8,5.042,5.432,5.869,6.272,235.2,61.75,982.4005,1.899,1.837,292.7,288.7,-4.753,-4.901
"2025-03-03 06:54:00",2536,12.09,-4.893,-4.978,87.3,86.9,4.775,5.465,5.817,6.076,235.2,63.55,982.4432,1.99,1.911,292.6,288.5,-4.758,-4.901
"2025-03-03 06:55:00",2537,12.09,-4.903,-4.995,87.4,87,3.421,4.434,5.354,5.586,235.2,74.28,982.4214,2.073,1.993,292.5,288.1,-4.758,-4.903
"2025-03-03 06:56:00",2538,12.09,-4.933,-5.031,87.5,87.3,2.906,4.25,4.685,5.586,235.2,72.35,982.4169,2.063,1.964,292.2,287.6,-4.78,-4.903
"2025-03-03 06:57:00",2539,12.09,-4.935,-5.043,87.7,87.5,4.679,5.026,5.714,5.684,235.1,55.15,982.3897,2.014,1.91,292.6,288.2,-4.782,-4.902
"2025-03-03 06:58:00",2540,12.09,-4.873,-4.98,87.5,86.9,5.946,6.349,7.979,8.43,235.1,56.54,982.402,2.297,2.198,292.9,288.7,-4.745,-4.903
"2025-03-03 06:59:00",2541,12.09,-4.797,-4.905,87.1,86.1,4.619,4.609,7.207,6.958,235.2,60.94,982.4416,2.511,2.422,293.1,289.1,-4.705,-4.902
"2025-03-03 07:00:00",2542,12.09,-4.744,-4.848,86.6,85.6,4.228,4.323,5.508,5.586,235.2,64.97,982.4157,2.651,2.567,293,289.6,-4.685,-4.901
