"TOA5","1481","CR3000","1481","CR3000.Std.32.06","CPU:AWS_MaggieMay_no_sonic_v3.CR3","13840","Res_data_1_min"
"TIMESTAMP","RECORD","BattV","temperature_1","temperature_2","rel_humidity_1","rel_humidity_2","wind_speed_1","wind_speed_2","gust_speed_1","gust_speed_2","wind_direction_1","wind_direction_2","air_pressure","SWup","SWdown","LWup","LWdown","CNR1_T_degC","ground_temperature"
"TS","RN","Volts","degC","degC","%","%","m/s","m/s","m/s","m/s","deg","deg","hPa","W/m^2","W/m^2","W/m^2","W/m^2","degC","degC"
"","","Min","Avg","Avg","Smp","Smp","Avg","Avg","Max","Max","Smp","Smp","Avg","Avg","Avg","Avg","Avg","Avg","Avg"
"2025-03-03 05:01:00",2423,12.1,-4.883,-4.97,88.9,88,6.513,7.437,7.876,8.53,235,76.06,982.4294,0.125,-0.064,293.1,288.7,-4.754,-4.904
"2025-03-03 05:02:00",2424,12.1,-4.891,-4.977,88.8,88.1,6.222,7.806,8.85,10.09,235.1,61.64,982.4065,0.07,-0.066,293,288.3,-4.763,-4.903
"2025-03-03 05:03:00",2425,12.1,-4.903,-4.994,88.9,88.2,7.213,8.32,8.75,9.11,235,72.42,982.4205,0.053,-0.088,292.9,287.7,-4.773,-4.901
"2025-03-03 05:04:00",2426,12.1,-4.936,-5.031,89,88.5,6.254,7.19,7.31,7.938,235.1,72.14,982.4153,-0.014,-0.18,292.8,287.5,-4.794,-4.902
"2025-03-03 05:05:00",2427,12.1,-4.969,-5.067,89.2,88.8,6.539,7.345,8.24,8.72,235,51.78,982.3956,-0.072,-0.255,292.7,287.3,-4.809,-4.904
"2025-03-03 05:06:00",2428,12.1,-4.972,-5.071,89.3,89,7.701,8.74,8.96,9.41,235,68.51,982.3721,-0.048,-0.24,292.8,286.6,-4.812,-4.901
"2025-03-03 05:07:00",2429,12.1,-4.958,-5.053,89.4,88.9,7.647,8.91,9.11,9.8,235.2,66.04,982.4008,0.001,-0.206,292.9,287.3,-4.808,-4.903
"2025-03-03 05:08:00",2430,12.1,-4.949,-5.044,89.4,88.8,6.73,7.557,8.19,8.92,235.2,77.37,982.4033,0.061,-0.125,292.9,287.8,-4.809,-4.903
"2025-03-03 05:09:00",2431,12.1,-4.942,-5.029,89.4,88.7,7.228,8.27,8.65,9.7,235.2,63,982.4115,0.035,-0.161,293,287.8,-4.806,-4.901
"2025-03-03 05:10:00",2432,12.1,-4.926,-5.016,89.3,88.5,6.092,6.92,7.207,7.938,235.2,65.2,982.4093,0.147,-0.037,292.9,287.7,-4.796,-4.903
"2025-03-03 05:11:00",2433,12.1,-4.918,-5.013,89.3,88.5,8.15,8.76,9.88,10.19,235,58.22,982.3911,-0.021,-0.224,293.1,288.3,-4.795,-4.903
"2025-03-03 05:12:00",2434,12.1,-4.849,-4.937,89.1,87.8,8.04,8.72,10.04,9.9,235.2,63.52,982.4108,0.197,0.005,293.4,288.2,-4.752,-4.902
"2025-03-03 05:13:00",2435,12.1,-4.84,-4.922,88.8,87.6,6.447,7.732,8.7,9.6,235.2,74.47,982.4219,0.284,0.123,293,287.8,-4.746,-4.903
"2025-03-03 05:14:00",2436,12.1,-4.879,-4.962,88.8,87.8,6.157,7.574,7.928,9.41,235.2,71.67,982.4117,0.038,-0.15,293,287.9,-4.757,-4.902
"2025-03-03 05:15:00",2437,12.1,-4.879,-4.968,88.7,87.8,6.667,7.982,9.21,9.8,235.2,76.23,982.3994,0.077,-0.113,293,287.7,-4.754,-4.901
"2025-03-03 05:16:00",2438,12.1,-4.874,-4.962,88.7,87.8,7.387,8.31,8.96,9.02,235,67.17,982.4009,0.077,-0.109,293,287.3,-4.755,-4.901
"2025-03-03 05:17:00",2439,12.1,-4.878,-4.969,88.6,87.8,5.921,7.781,8.08,9.41,235,67.81,982.4343,0.088,-0.109,292.8,287.4,-4.763,-4.901
"2025-03-03 05:18:00",2440,12.1,-4.899,-4.99,88.6,87.9,5.315,7.319,8.24,8.92,235.2,71.23,982.4156,0.001,-0.198,292.9,288,-4.771,-4.901
"2025-03-03 05:19:00",2441,12.1,-4.907,-4.997,88.6,88,5.762,7.786,7.825,9.11,235.2,79.22,982.3841,0.047,-0.155,292.9,287.9,-4.771,-4.902
"2025-03-03 05:20:00",2442,12.1,-4.883,-4.972,88.7,87.8,7.003,8.76,9.16,10.09,235,64.72,982.385,0.014,-0.185,293.2,288.2,-4.764,-4.902
"2025-03-03 05:21:00",2443,12.1,-4.862,-4.953,88.5,87.6,5.546,7.324,7.979,8.72,235.2,55.91,982.3845,0.183,-0.006,292.8,287.1,-4.758,-4.902
"2025-03-03 05:22:00",2444,12.1,-4.888,-4.978,88.5,87.8,7.433,8.35,8.96,9.8,235,63.45,982.4079,-0.003,-0.212,293,287.6,-4.768,-4.9
"2025-03-03 05:23:00",2445,12.1,-4.883,-4.972,88.5,87.7,7.514,8.29,8.91,9.31,235.1,62.22,982.4091,0.096,-0.105,292.9,286.7,-4.763,-4.899
"2025-03-03 05:24:00",2446,12.09,-4.894,-4.982,88.4,87.7,6.765,7.682,7.928,8.72,235.1,65.38,982.3948,0.082,-0.118,292.7,286.5,-4.779,-4.902
"2025-03-03 05:25:00",2447,12.1,-4.919,-5.008,88.4,87.8,6.18,7.397,7.928,8.53,235.1,64.43,982.3857,0.03,-0.163,292.6,287.2,-4.797,-4.9
"2025-03-03 05:26:00",2448,12.1,-4.957,-5.049,88.5,88.1,5.87,6.778,7.568,7.84,235,58.5,982.4077,-0.052,-0.258,292.6,287.6,-4.81,-4.9
"2025-03-03 05:27:00",2449,12.09,-4.955,-5.049,88.6,88.1,6.284,6.852,7.928,8.53,235,62.47,982.4047,-0.029,-0.21,292.8,288,-4.811,-4.9
"2025-03-03 05:28:00",2450,12.09,-4.966,-5.06,88.6,88.1,5.322,6.285,6.641,7.35,235.2,72.57,982.4357,0.047,-0.135,292.4,287.5,-4.827,-4.899
"2025-03-03 05:29:00",2451,12.1,-5,-5.096,88.8,88.5,6.834,7.735,10.04,9.8,235,58.14,982.3939,-0.115,-0.296,292.6,287.5,-4.849,-4.899
"2025-03-03 05:30:00",2452,12.09,-4.999,-5.097,88.9,88.6,6.796,7.223,7.876,7.938,235,58.31,982.3986,-0.03,-0.211,292.6,287.3,-4.855,-4.899
