"TOA5","1481","CR3000","1481","CR3000.Std.32.06","CPU:AWS_MaggieMay_no_sonic_v3.CR3","13840","Res_data_1_min"
"TIMESTAMP","RECORD","BattV","temperature_1","temperature_2","rel_humidity_1","rel_humidity_2","wind_speed_1","wind_speed_2","gust_speed_1","gust_speed_2","wind_direction_1","wind_direction_2","air_pressure","SWup","SWdown","LWup","LWdown","CNR1_T_degC","ground_temperature"
"TS","RN","Volts","degC","degC","%","%","m/s","m/s","m/s","m/s","deg","deg","hPa","W/m^2","W/m^2","W/m^2","W/m^2","degC","degC"
"","","Min","Avg","Avg","Smp","Smp","Avg","Avg","Max","Max","Smp","Smp","Avg","Avg","Avg","Avg","Avg","Avg","Avg"
"2025-03-04 04:31:00",3833,11.88,-11.84,-11.89,84,82.7,6.16,7.136,7.362,8.13,66.8,68.25,984.8685,0.209,-0.719,260.7,232.1,-11.83,-9.49
"2025-03-04 04:32:00",3834,11.88,-11.92,-11.97,84,83.1,5.869,7.169,7.568,8.82,76.01,76.49,984.8986,0.056,-0.896,260.4,230.8,-11.88,-9.49
"2025-03-04 04:33:00",3835,11.88,-11.94,-12,84.3,83.4,7.183,8.63,9.21,10.09,69.21,63.22,984.8732,-0.053,-1.062,260.8,228.6,-11.9,-9.49
"2025-03-04 04:34:00",3836,11.88,-11.94,-11.98,84.3,82.9,6.858,7.665,7.825,8.53,58.9,56.25,984.9188,0.22,-0.853,260,225.2,-11.91,-9.49
"2025-03-04 04:35:00",3837,11.88,-11.98,-12.01,84.1,83,6.744,7.504,8.29,8.72,66.84,69.8,984.8975,0.14,-1.011,259.2,222,-11.97,-9.48
"2025-03-04 04:36:00",3838,11.88,-12.01,-12.04,84.2,83.3,6.175,7.579,7.979,8.92,78.32,73.05,984.9073,0.008,-1.231,259.3,223.7,-12.02,-9.49
"2025-03-04 04:37:00",3839,11.88,-12.02,-12.07,84.4,83.6,6.287,7.917,7.876,8.82,73.67,76.58,984.8912,0.066,-1.181,259.8,229.2,-12.04,-9.49
"2025-03-04 04:38:00",3840,11.88,-12.06,-12.1,84.4,83.8,6.575,7.525,8.08,9.02,69.69,64.04,984.8721,0.158,-0.967,259.6,230.4,-12.06,-9.49
"2025-03-04 04:39:00",3841,11.88,-12.08,-12.12,84.5,83.8,6.907,7.508,8.65,8.92,72.03,69,984.8845,0.077,-0.974,259.7,228.7,-12.09,-9.49
"2025-03-04 04:40:00",3842,11.88,-12.09,-12.13,84.6,83.9,7.2,8.16,8.8,9.11,63.93,59.21,984.9,0.189,-0.898,259.5,224.6,-12.1,-9.49
"2025-03-04 04:41:00",3843,11.88,-12.12,-12.16,84.7,84.1,7.16,7.651,8.55,8.82,64.63,59.64,984.8242,0.133,-1.049,258.5,215.7,-12.15,-9.49
"2025-03-04 04:42:00",3844,11.88,-12.15,-12.18,84.6,83.8,7.184,7.853,8.96,8.92,64.64,62,984.8242,0.202,-1.111,257.9,214.2,-12.19,-9.49
"2025-03-04 04:43:00",3845,11.88,-12.18,-12.2,84.6,83.8,6.741,7.579,8.34,8.82,62.2,64.87,984.8365,0.151,-1.231,258.1,218.1,-12.23,-9.49
"2025-03-04 04:44:00",3846,11.88,-12.23,-12.26,84.6,84.1,7.283,8.34,8.96,10,67.96,69.81,984.8377,0.072,-1.289,258.1,217.4,-12.27,-9.49
"2025-03-04 04:45:00",3847,11.88,-12.22,-12.26,84.7,83.8,6.353,7.231,7.773,8.33,69.75,64.75,984.8397,0.244,-1.127,257.7,219,-12.3,-9.49
"2025-03-04 04:46:00",3848,11.88,-12.27,-12.31,84.7,84.1,6.453,7.456,8.6,8.62,65.65,73.21,984.8393,0.132,-1.272,257,213.6,-12.35,-9.5
"2025-03-04 04:47:00",3849,11.88,-12.29,-12.32,84.7,84.2,6.951,7.675,8.34,9.11,59.89,59.47,984.8207,0.12,-1.377,256.9,208.9,-12.38,-9.5
"2025-03-04 04:48:00",3850,11.88,-12.3,-12.33,84.8,84.3,8.02,9.08,9.73,10.88,63.35,61.56,984.8262,0.071,-1.459,257.3,208.5,-12.42,-9.5
"2025-03-04 04:49:00",3851,11.88,-12.28,-12.3,84.8,83.8,7.429,8.22,9.52,10.09,61.97,55.46,984.809,0.353,-1.143,257.5,212.5,-12.42,-9.5
"2025-03-04 04:50:00",3852,11.88,-12.33,-12.34,84.7,83.9,6.637,7.504,7.876,8.53,68.08,59.57,984.8206,0.31,-1.148,257,216.7,-12.44,-9.5
"2025-03-04 04:51:00",3853,11.88,-12.33,-12.35,84.9,84.4,6.707,7.737,8.85,9.6,68.53,65.2,984.8287,0.191,-1.249,256.9,215.7,-12.47,-9.5
"2025-03-04 04:52:00",3854,11.88,-12.29,-12.31,85.1,84.5,7.448,8.64,10.4,10.78,76.01,67.21,984.7999,0.243,-1.184,257.5,210.6,-12.46,-9.5
"2025-03-04 04:53:00",3855,11.88,-12.21,-12.23,85.2,83.9,7.456,9.44,9.78,10.58,70.83,64.5,984.8114,0.262,-1.207,258.7,212.2,-12.41,-9.51
"2025-03-04 04:54:00",3856,11.88,-12.1,-12.1,85,83,7.526,8.79,9.21,9.8,72.76,64.88,984.8309,0.857,-0.72,258,208.9,-12.35,-9.51
"2025-03-04 04:55:00",3857,11.88,-12.11,-12.11,84.7,83.1,7.345,8.66,9.11,10.09,72.17,72.44,984.8386,0.604,-1.046,257.4,208.1,-12.37,-9.51
"2025-03-04 04:56:00",3858,11.88,-12.07,-12.07,84.7,82.9,9.28,10.28,10.86,12.35,72.56,65.36,984.8239,0.421,-1.196,259,214.3,-12.33,-9.51
"2025-03-04 04:57:00",3859,11.88,-11.98,-11.98,84.6,82.6,9.69,10.13,11.94,12.25,67.86,60.83,984.8094,0.595,-0.768,260,218.1,-12.25,-9.51
"2025-03-04 04:58:00",3860,11.88,-11.92,-11.91,84.4,82.1,9.53,10.3,12.15,12.54,67.83,59.01,984.8261,0.776,-0.474,260.2,215.4,-12.17,-9.52
"2025-03-04 04:59:00",3861,11.88,-11.91,-11.9,84.2,81.8,8.39,8.93,10.04,10.78,61.75,59.38,984.8326,0.839,-0.515,258.7,205.5,-12.16,-9.53
"2025-03-04 05:00:00",3862,11.88,-12,-11.98,83.8,81.7,8.42,8.72,10.19,10.39,65.07,67.47,984.8213,0.681,-0.848,257.2,203.6,-12.22,-9.53
