"TOA5","1481","CR3000","1481","CR3000.Std.32.06","CPU:AWS_MaggieMay_no_sonic_v3.CR3","13840","Res_data_1_min"
"TIMESTAMP","RECORD","BattV","temperature_1","temperature_2","rel_humidity_1","rel_humidity_2","wind_speed_1","wind_speed_2","gust_speed_1","gust_speed_2","wind_direction_1","wind_direction_2","air_pressure","SWup","SWdown","LWup","LWdown","CNR1_T_degC","ground_temperature"
"TS","RN","Volts","degC","degC","%","%","m/s","m/s","m/s","m/s","deg","deg","hPa","W/m^2","W/m^2","W/m^2","W/m^2","degC","degC"
"","","Min","Avg","Avg","Smp","Smp","Avg","Avg","Max","Max","Smp","Smp","Avg","Avg","Avg","Avg","Avg","Avg","Avg"
"2025-03-10 09:31:00",12772,11.81,-15.11,-14.66,68.61,68.93,3.616,3.477,4.273,4.116,342,230.4,985.9175,33.07,32.12,230.4,187.5,-17.77,-10.13
"2025-03-10 09:32:00",12773,11.81,-15.12,-14.67,69.38,69.92,3.434,3.227,3.707,3.626,342,225.7,985.9224,33.25,32.1,229.4,186.1,-17.73,-10.13
"2025-03-10 09:33:00",12774,11.81,-15.12,-14.71,68.33,69.28,3.662,3.401,3.964,3.724,342,227.7,985.9346,32.7,31.58,226.7,183.6,-17.84,-10.13
"2025-03-10 09:34:00",12775,11.81,-15.11,-14.73,68.62,68.07,3.73,3.673,3.964,3.92,342,228.6,985.9069,31.5,30.44,226,183.6,-18.01,-10.13
"2025-03-10 09:35:00",12776,11.81,-15.18,-14.83,65.56,66.53,3.945,3.842,4.324,4.312,342,235.8,985.9386,31.38,30.54,226.8,183.9,-18.08,-10.13
"2025-03-10 09:36:00",12777,11.81,-15.48,-15.06,65.7,66.85,4.142,4.091,4.479,4.41,342,230.1,985.9293,31.37,30.5,227,183.3,-18.18,-10.14
"2025-03-10 09:37:00",12778,11.81,-15.66,-15.2,66.81,66.81,4.106,4.064,4.53,4.606,342,231,985.9333,31.37,30.53,227.3,184.1,-18.24,-10.14
"2025-03-10 09:38:00",12779,11.81,-15.72,-15.32,67.2,67.98,3.953,3.962,4.53,4.41,342.1,234.5,985.9337,31.45,30.64,227.1,184,-18.28,-10.14
"2025-03-10 09:39:00",12780,11.81,-15.75,-15.35,67.7,69.35,3.884,3.806,4.376,4.312,342,241.9,985.9061,32.01,31.22,228,184.4,-18.25,-10.14
"2025-03-10 09:40:00",12781,11.81,-15.73,-15.29,67.69,68.26,3.721,3.629,4.118,4.018,342,234.5,985.871,32.14,31.23,229,185,-18.21,-10.14
"2025-03-10 09:41:00",12782,11.81,-15.71,-15.3,67.1,67.35,3.749,3.766,4.17,4.116,342.1,245.7,985.898,32.83,31.79,228.5,183.8,-18.18,-10.14
"2025-03-10 09:42:00",12783,11.81,-15.75,-15.36,66.45,67.64,3.628,3.69,4.015,4.214,342,238.2,985.9193,32.65,31.53,227.2,183.2,-18.24,-10.14
"2025-03-10 09:43:00",12784,11.81,-15.86,-15.43,66.4,66.75,3.654,3.637,4.015,4.018,342,237.4,985.8714,32.28,31.21,225.8,182.4,-18.33,-10.14
"2025-03-10 09:44:00",12785,11.81,-16.02,-15.61,67.1,68.01,3.68,3.562,4.118,4.018,342,237.9,985.8852,31.71,30.74,226.3,182.9,-18.41,-10.15
"2025-03-10 09:45:00",12786,11.8,-16.1,-15.73,67.92,69.74,3.598,3.433,4.015,3.724,342,242,985.8582,32.1,31.1,226,182,-18.47,-10.15
"2025-03-10 09:46:00",12787,11.81,-16.09,-15.72,69.06,70.7,3.568,3.43,4.17,3.92,342,242,985.8264,31.6,30.7,226.2,183,-18.55,-10.15
"2025-03-10 09:47:00",12788,11.81,-15.94,-15.54,68.16,68.99,3.556,3.366,3.912,3.724,342,237.2,985.8887,32.3,31.42,226.1,182.8,-18.53,-10.15
"2025-03-10 09:48:00",12789,11.81,-15.89,-15.5,68.43,68.82,3.559,3.45,3.81,3.822,342.1,236,985.8605,32.27,31.4,226,182.7,-18.57,-10.16
"2025-03-10 09:49:00",12790,11.81,-15.89,-15.52,67.26,68.67,3.705,3.497,3.964,3.724,342,236.9,985.8801,32.28,31.44,225.6,182.2,-18.61,-10.15
"2025-03-10 09:50:00",12791,11.81,-15.89,-15.51,67.4,67.91,3.544,3.309,3.81,3.528,342,230.2,985.8719,32.31,31.48,226,182.1,-18.66,-10.16
"2025-03-10 09:51:00",12792,11.81,-15.82,-15.46,68.77,70.16,3.616,3.329,3.964,3.724,342.1,227.1,985.8588,32.27,31.47,226.2,182.8,-18.68,-10.16
"2025-03-10 09:52:00",12793,11.81,-15.59,-15.21,67.69,68.24,3.282,2.942,3.81,3.43,342,241.6,985.8439,32.5,31.83,225.8,183.2,-18.66,-10.16
"2025-03-10 09:53:00",12794,11.81,-15.51,-15.07,67.3,67.57,3.554,3.299,3.912,3.724,342.1,232.9,985.8445,32.76,31.96,225,181.5,-18.72,-10.16
"2025-03-10 09:54:00",12795,11.8,-15.43,-15,66.38,67.43,3.24,3.1,3.707,3.528,342,231.2,985.8855,32.1,31.3,224.7,181.8,-18.83,-10.16
"2025-03-10 09:55:00",12796,11.81,-15.39,-14.91,67.94,68.71,3.509,3.263,3.81,3.822,342.1,234.6,985.8891,32.4,31.68,226.5,184.7,-18.72,-10.17
"2025-03-10 09:56:00",12797,11.8,-15.24,-14.75,67.03,68.31,3.274,2.839,3.861,3.724,342,232.2,985.8709,33.5,32.94,225.9,182.9,-18.62,-10.17
"2025-03-10 09:57:00",12798,11.81,-15.29,-14.67,65.7,67.2,3.343,2.835,3.655,3.43,342,244.1,985.8692,32.93,32.15,223.6,180.2,-18.79,-10.17
"2025-03-10 09:58:00",12799,11.8,-15.44,-14.73,65.53,64.72,2.789,2.644,3.964,3.43,342,224.1,985.878,32.05,31.28,224.8,182.3,-18.83,-10.17
"2025-03-10 09:59:00",12800,11.81,-15.66,-14.93,65.78,68,3.018,2.785,4.067,3.822,342,227.9,985.8793,32.88,32.07,224.9,182.9,-18.74,-10.17
"2025-03-10 10:00:00",12801,11.8,-15.77,-14.98,67.52,68.09,3.204,3.205,3.81,3.626,342,229.8,985.8609,32.61,31.96,224.9,182.6,-18.76,-10.18
